key,0,1
#,,
offset,0,4
int32,str,str
0,TEXT_VOICEMAN_05000_000010_TATARU,大家都到齊了啊！
1,TEXT_VOICEMAN_05000_000020_TATARU,我們也馬上開始尋找裝置吧！<hex:02100103>只要有一點可疑之處，我們都要收集起來！
2,TEXT_VOICEMAN_05000_000030_BIGGS,(-？？？？-)哦，大英雄也來了啊！<hex:02100103>我們正愁沒有線索呢，你來了就太好了。
3,TEXT_VOICEMAN_05000_000040_TATARU,畢格斯先生！威吉先生！
4,TEXT_VOICEMAN_05000_000050_BIGGS,拂曉血盟遇到困難，我們可不能袖手旁觀。
5,TEXT_VOICEMAN_05000_000060_BIGGS,希德會長被傑西抓去做別的工作了，<hex:02100103>不過別擔心，我們會把他那份帶出來！
6,TEXT_VOICEMAN_05000_000070_WEDGE,我、我、我也會盡力！
7,TEXT_VOICEMAN_05000_000080_TATARU,謝謝你們！<hex:02100103>有大家在，一定能夠找到裝置！
8,TEXT_VOICEMAN_05000_000090_BIGGS,嗯……<hex:02100103>看起來不在這邊啊。
9,TEXT_VOICEMAN_05000_000100_BIGGS,威吉，你能從縫隙鑽進去嗎？
10,TEXT_VOICEMAN_05000_000110_WEDGE,唉？！<hex:02100103>我身材是比你小很多，可這明顯不行啊！
11,TEXT_VOICEMAN_05000_000120_TATARU,那我來試試吧！
12,TEXT_VOICEMAN_05000_000130_WEDGE,不！怎麼能讓你做這種事情呢！
13,TEXT_VOICEMAN_05000_000140_TATARU,不用擔心！<hex:02100103>我雖然是接待員，可並不是只會待人接物！
14,TEXT_VOICEMAN_05000_000150_BIGGS,對不起，忘了告訴你了！<hex:02100103>財團的調查員說裡面還不能保證安全，<hex:02100103>最好不要深入……
15,TEXT_VOICEMAN_05000_000160_BIGGS,……你這是找到什麼了？
16,TEXT_VOICEMAN_05000_000170_BIGGS,這是！<hex:02100103>到現在為止，就這個最像裝置了！
17,TEXT_VOICEMAN_05000_000180_WEDGE,這個紋路，是不是有點像我們廠的標記啊？<hex:02100103>請大家謹防假冒偽劣產品？
18,TEXT_VOICEMAN_05000_000190_MYSTERYVOICE,這次終於連上了！
19,TEXT_VOICEMAN_05000_000200_BIGGS,你怎麼了？！
20,TEXT_VOICEMAN_05000_000210_WEDGE,出什麼事了？！
21,TEXT_VOICEMAN_05000_000220_TATARU,哇哇哇哇！
22,TEXT_VOICEMAN_05000_000230_MYSTERYVOICE,好……不能再失敗了 跟我來吧！
23,TEXT_VOICEMAN_05000_000240_MYSTERYVOICE,歷經悠久之時 穿越無垠之空——
24,TEXT_VOICEMAN_05000_000250_TATARU,難道說，這個小東西……就是我們一直在找的裝置嗎？！
25,TEXT_VOICEMAN_05000_000260_MYSTERYVOICE,時空之門由我操控！
26,TEXT_VOICEMAN_05000_000270_TATARU,請你平安回來……<hex:02100103>一定要……帶大家……平安地回來！
27,TEXT_VOICEMAN_05000_000275_MEMORY,聽好！
28,TEXT_VOICEMAN_05000_000280_MINFILIA,你還不能就這麼消失。
29,TEXT_VOICEMAN_05000_000290_WARRIOROFDARKNESS,從無盡的睡夢中醒來
30,TEXT_VOICEMAN_05000_000300_WARRIOROFDARKNESS,我感到……<hex:02100103>有一種朦朧卻又真切的預感在呼喚著我
31,TEXT_VOICEMAN_05000_000310_PEDDLEROFNORVRANDT,你看起來不像是同行啊。<hex:02100103>為什麼這大半夜的還來這裡？
32,TEXT_VOICEMAN_05000_Q1_000_001_NONE_VOICE,怎麼回答？
33,TEXT_VOICEMAN_05000_A1_000_001_NONE_VOICE,大半夜？
34,TEXT_VOICEMAN_05000_A1_000_002_NONE_VOICE,天不是還亮著嗎？
35,TEXT_VOICEMAN_05000_000320_PEDDLEROFNORVRANDT,呵呵呵……
36,TEXT_VOICEMAN_05000_000330_PEDDLEROFNORVRANDT,你這個笑話可也太過時了。<hex:02100103>我爺爺從前倒是經常說這個，在他和朋友喝到很晚的時候。
37,TEXT_VOICEMAN_05000_000340_PEDDLEROFNORVRANDT,這位客人，你該不會是喝醉了吧！<hex:02100103>這個世界怎麼可能有漆黑的夜晚啊。
38,TEXT_VOICEMAN_05000_000345_PEDDLEROFNORVRANDT,嘿！
39,TEXT_VOICEMAN_05000_000350_PEDDLEROFNORVRANDT,這個世界早就沒了黑暗，這都過了100年啦。
40,TEXT_VOICEMAN_05000_000360_PEDDLEROFNORVRANDT,嗯？你那是什麼表情啊？<hex:02100103>怎麼好像是第一次聽說似的。
41,TEXT_VOICEMAN_05000_000370_PEDDLEROFNORVRANDT,難道是……你被它們襲擊了吧？<hex:02100103>頭腦還不清醒嗎？真可憐。
42,TEXT_VOICEMAN_05000_000375_PEDDLEROFNORVRANDT,ごくり
43,TEXT_VOICEMAN_05000_000380_PEDDLEROFNORVRANDT,我還有生意要做，現在得上路離開這裡了。<hex:02100103>你快去附近的城鎮尋求保護吧。
44,TEXT_VOICEMAN_05000_000390_PEDDLEROFNORVRANDT,從這裡往東走，穿過森林之後，可以看到一座巨大的水晶之塔。<hex:02100103>塔下就是這附近最大的城市——
45,TEXT_VOICEMAN_05000_000400_PEDDLEROFNORVRANDT,水晶都，那裡是反抗光明之人所聚集的場所。
46,TEXT_VOICEMAN_05000_000410_WARRIOROFDARKNESS,那座塔猶如參天大樹般高聳入雲<hex:02100103>彷彿將要撕裂被光芒籠罩的天空
47,TEXT_VOICEMAN_05000_000420_WARRIOROFDARKNESS,光明轉化成黑暗 正義轉變為邪惡<hex:02100103>顛覆歷史的戰鬥即將在那裡拉開帷幕
48,TEXT_VOICEMAN_05000_000430_LYNA,(-衛兵裝扮的女性-)站住。
49,TEXT_VOICEMAN_05000_000440_LYNA,(-衛兵裝扮的女性-)你……看起來很陌生啊。<hex:02100103>而且你的服裝也很奇特。
50,TEXT_VOICEMAN_05000_000450_LYNA,(-衛兵裝扮的女性-)從這裡過去就是水晶都，但那不是任何人都能隨便出入的地方。<hex:02100103>我是這裡的警備負責人，如果你想進入水晶都，<hex:02100103>需要回答我幾個問題。
51,TEXT_VOICEMAN_05000_000460_LYNA,(-衛兵裝扮的女性-)你是從哪裡來的？
52,TEXT_VOICEMAN_05000_Q2_000_001_NONE_VOICE,從哪裡來的？
53,TEXT_VOICEMAN_05000_A2_000_001_NONE_VOICE,格里達尼亞
54,TEXT_VOICEMAN_05000_A2_000_002_NONE_VOICE,利姆薩·羅敏薩
55,TEXT_VOICEMAN_05000_A2_000_003_NONE_VOICE,烏爾達哈
56,TEXT_VOICEMAN_05000_A2_000_004_NONE_VOICE,原初世界
57,TEXT_VOICEMAN_05000_A2_000_005_NONE_VOICE,……
58,TEXT_VOICEMAN_05000_000470_LYNA,(-衛兵裝扮的女性-)沒聽過的地方……<hex:02100103>現在這個世界應該沒有多少不為人知的地區了。
59,TEXT_VOICEMAN_05000_000480_LYNA,(-衛兵裝扮的女性-)原初……什麼？<hex:02100103>你在戲弄我嗎？
60,TEXT_VOICEMAN_05000_000490_LYNA,(-衛兵裝扮的女性-)答不出來？<hex:02100103>真是越來越可疑了。
61,TEXT_VOICEMAN_05000_000500_LYNA,(-衛兵裝扮的女性-)我們水晶都雖然對出身和身份沒有偏見，<hex:02100103>但是絕對不歡迎騙子。
62,TEXT_VOICEMAN_05000_000501_LYNA,喝！
63,TEXT_VOICEMAN_05000_000510_LYNA,(-衛兵裝扮的女性-)看來是剛剛吞噬了人類……<hex:02100103>也不知是哪個不幸的人……真是可惡……
64,TEXT_VOICEMAN_05000_000520_MYSTERYVOICE,(-？？？？-)萊楠，沒事吧？
65,TEXT_VOICEMAN_05000_000530_LYNA,沒問題，水晶公大人。<hex:02100103>只是個離群的食罪靈……還是個低級的。
66,TEXT_VOICEMAN_05000_000540_MYSTERYVOICE,那就好。<hex:02100103>不過保險起見，這附近要加強戒備。
67,TEXT_VOICEMAN_05000_000550_MYSTERYVOICE,還有，這位是我的客人。<hex:02100103>我要帶<hex:02080DE905FF04>她<hex:FF04>他<hex:03>進城……沒問題吧？
68,TEXT_VOICEMAN_05000_000560_LYNA,唉？原來又是您的神秘朋友嗎？
69,TEXT_VOICEMAN_05000_000570_LYNA,我知道了。<hex:02100103>我會通知團員們，讓<hex:02080DE905FF04>她<hex:FF04>他<hex:03>以後可以自由進出。
70,TEXT_VOICEMAN_05000_000580_LYNA,請原諒我剛才的失禮。<hex:02100103>祝您在水晶都過得愉快。
71,TEXT_VOICEMAN_05000_000590_MYSTERYVOICE,先跟我進去吧。<hex:02100103>我知道你有很多問題要問，但事情隱密，<hex:02100103>我們需要找個僻靜的場所。
72,TEXT_VOICEMAN_05000_000600_MYSTERYVOICE,首先，我由衷地感謝你能夠響應召喚。
73,TEXT_VOICEMAN_05000_000610_MYSTERYVOICE,本來應該是將你召喚到我的房間，<hex:02100103>可是座標出現了一些誤差，真是抱歉……<hex:02100103>不過你能平安找到這裡真是太好了。
74,TEXT_VOICEMAN_05000_000620_MYSTERYVOICE,這裡的的確確就是13個鏡像世界之一的“第一世界”。<hex:02100103>不過這裡的居民應該是認識不到這一點的。
75,TEXT_VOICEMAN_05000_000630_MYSTERYVOICE,而我被稱為水晶公，是水晶都的管理人，<hex:02100103>同時也是將你召喚到這裡的人。
76,TEXT_VOICEMAN_05000_Q3_000_001_NONE_VOICE,要說什麼？
77,TEXT_VOICEMAN_05000_A3_000_001_NONE_VOICE,拂曉的各位也在這裡嗎？
78,TEXT_VOICEMAN_05000_A3_000_002_NONE_VOICE,你的召喚把局勢弄得一團糟
79,TEXT_VOICEMAN_05000_000640_MYSTERYVOICE,是的……<hex:02100103>只是，事態有些複雜，<hex:02100103>請容我依次說明。
80,TEXT_VOICEMAN_05000_000650_MYSTERYVOICE,這一點上，確實給你們造成了麻煩，實在是對不起……<hex:02100103>只是我這邊的事情也絕不可忽視，<hex:02100103>還請容我依次說明。
81,TEXT_VOICEMAN_05000_000660_MYSTERYVOICE,首先，你需要知道一個重要的事實。
82,TEXT_VOICEMAN_05000_000670_MYSTERYVOICE,這裡，也就是第一世界，<hex:02100103>是將要被光明所毀滅的世界。
83,TEXT_VOICEMAN_05000_000680_MYSTERYVOICE,100年前，<hex:02100103>這裡發生了被稱為“光之氾濫”的大災難，<hex:02100103>整個世界失去了九成以上的土地……
84,TEXT_VOICEMAN_05000_000690_MYSTERYVOICE,少量的人類在災難中得以倖存，<hex:02100103>可“光之氾濫”中誕生了一種新的怪物，<hex:02100103>它們一直在攻擊倖存下來的人類……
85,TEXT_VOICEMAN_05000_000700_MYSTERYVOICE,我們稱呼那些怪物為“食罪靈”，<hex:02100103>你剛才見到的就是其中的一種。
86,TEXT_VOICEMAN_05000_000710_MYSTERYVOICE,我為了從“食罪靈”手中拯救世界，<hex:02100103>學會了連接異世界的法術，<hex:02100103>並召喚了最強的英雄。
87,TEXT_VOICEMAN_05000_000720_MYSTERYVOICE,不過這不僅僅是第一世界這邊的問題，<hex:02100103>拯救第一世界，同樣能夠拯救你們的原初世界。
88,TEXT_VOICEMAN_05000_000730_MYSTERYVOICE,話先說到這裡吧。<hex:02100103>你可是貴客，等進了城我們再慢慢詳談。
89,TEXT_VOICEMAN_05000_000740_WARRIOROFDARKNESS,城裡的生機令我驚訝
90,TEXT_VOICEMAN_05000_000750_WARRIOROFDARKNESS,身處毀滅的世界 人們卻在為生存而忙碌
91,TEXT_VOICEMAN_05000_000760_WARRIOROFDARKNESS,他們每個人都滿懷著希望<hex:02100103>這座城市就是他們仍然沒有放棄的最佳證明
92,TEXT_VOICEMAN_05000_000770_WARRIOROFDARKNESS,在這裡所遇到的人與事<hex:02100103>今後一定會引導冒險者走向更高更遠的目標
93,TEXT_VOICEMAN_05000_000780_MYSTERYVOICE,歡迎來到“觀星室”，這裡是我處理事務的地方。<hex:02100103>在這裡談話就不必擔心被旁人聽到了。
94,TEXT_VOICEMAN_05000_000790_MYSTERYVOICE,我接下來會向你解釋很多問題，<hex:02100103>但請記住每一件事情都屬於機密，<hex:02100103>在第一世界中，除了我沒人知道。
95,TEXT_VOICEMAN_05000_000800_MYSTERYVOICE,首先說說拂曉血盟的各位吧。
96,TEXT_VOICEMAN_05000_000810_MYSTERYVOICE,先說重點，他們確實來到了這裡。
97,TEXT_VOICEMAN_05000_000820_MYSTERYVOICE,……只是，他們並非最近才來。<hex:02100103>因為原初世界和鏡像世界的時間流速並不相同。
98,TEXT_VOICEMAN_05000_000830_MYSTERYVOICE,有時候原初世界的1小時就相當於第一世界的1年，<hex:02100103>也有時候會反過來。<hex:02100103>這種波動並沒有規律，我也無法預測。
99,TEXT_VOICEMAN_05000_000840_MYSTERYVOICE,不過最近這種時差好像有變小的傾向。<hex:02100103>總之，你現在應該還不需要擔心這一點。
100,TEXT_VOICEMAN_05000_000850_MYSTERYVOICE,而你的夥伴們……<hex:02100103>桑克瑞德是5年前來到這裡的，<hex:02100103>雅·修朵拉和尤里安傑則是3年前。
101,TEXT_VOICEMAN_05000_000860_MYSTERYVOICE,最近的阿爾菲諾和阿莉塞也已經在這裡過了1年。
102,TEXT_VOICEMAN_05000_000870_MYSTERYVOICE,原本我想的是只召喚你一個人。<hex:02100103>可是穿越世界的召喚術太過於複雜，<hex:02100103>沒想到還召喚了和你親近的其他人。
103,TEXT_VOICEMAN_05000_000880_MYSTERYVOICE,那幾次召喚是意外，因此召喚並不完整。<hex:02100103>他們現在處於可看見可觸摸的幽靈狀態。
104,TEXT_VOICEMAN_05000_000890_MYSTERYVOICE,你在一定程度上可以自由來往兩個世界，<hex:02100103>但是抱歉，他們無法按照自己的意願返回原初世界……
105,TEXT_VOICEMAN_05000_Q4_000_001_NONE_VOICE,要說什麼？
106,TEXT_VOICEMAN_05000_A4_000_001_NONE_VOICE,那你得想辦法送他們回去
107,TEXT_VOICEMAN_05000_A4_000_002_NONE_VOICE,那他們這幾年在這裡做什麼？
108,TEXT_VOICEMAN_05000_000900_MYSTERYVOICE,當初我和他們都打算先找到返回的方法。
109,TEXT_VOICEMAN_05000_000910_MYSTERYVOICE,可是那很困難，我們始終沒能找到頭緒。<hex:02100103>後來尤里安傑道出了他在穿越世界途中看到的情景，<hex:02100103>於是大家優先的目標就變了。
110,TEXT_VOICEMAN_05000_000920_MYSTERYVOICE,時空狹縫中的空間時間處於混亂狀態，<hex:02100103>過去和未來都有可能出現在同一時間點。<hex:02100103>尤里安傑在那裡看到的是……未來。
111,TEXT_VOICEMAN_05000_000930_MYSTERYVOICE,那個未來中，原初世界和第一世界將合併為一體。
112,TEXT_VOICEMAN_05000_000940_MYSTERYVOICE,與此同時，這一合併會在原初世界引發“第八靈災”，<hex:02100103>無數人將在靈災中失去生命……
113,TEXT_VOICEMAN_05000_000950_MYSTERYVOICE,其中也包括你……<hex:02100103>拂曉的英雄。
114,TEXT_VOICEMAN_05000_000960_MYSTERYVOICE,他們感受到了事態的嚴重性，<hex:02100103>於是開始想辦法在第一世界防止世界的合併。
115,TEXT_VOICEMAN_05000_000970_MYSTERYVOICE,雖然他們的靈魂不在原初世界，<hex:02100103>但他們確實是在為了世界和你而堅持戰鬥。
116,TEXT_VOICEMAN_05000_000980_MYSTERYVOICE,最後我們得知如果能夠打破食罪靈對第一世界的威脅，<hex:02100103>也許就能阻止世界合併，阻止靈災。
117,TEXT_VOICEMAN_05000_000990_MYSTERYVOICE,其中的原理就暫時不說了，<hex:02100103>就算說了，現在的你肯定也不會相信。
118,TEXT_VOICEMAN_05000_001000_MYSTERYVOICE,你可以先去見見在各地活動的同伴，<hex:02100103>去聽聽他們是怎麼說的。
119,TEXT_VOICEMAN_05000_001010_MYSTERYVOICE,我會全力協助你找到同伴，<hex:02100103>你也可以在見到他們後再決定要不要幫我。
120,TEXT_VOICEMAN_05000_001020_MYSTERYVOICE,至於送他們回原初世界的方法，<hex:02100103>我一定會找到，請你放心。
121,TEXT_VOICEMAN_05000_001030_MYSTERYVOICE,所以，現在請你暫時信任我。
122,TEXT_VOICEMAN_05000_Q5_000_001_NONE_VOICE,怎麼說？
123,TEXT_VOICEMAN_05000_A5_000_001_NONE_VOICE,好吧，暫時相信你
124,TEXT_VOICEMAN_05000_A5_000_002_NONE_VOICE,你一定要遵守約定
125,TEXT_VOICEMAN_05000_A5_000_003_NONE_VOICE,事到如今，也沒辦法了……
126,TEXT_VOICEMAN_05000_001040_MYSTERYVOICE,謝謝你……<hex:02100103>我會盡全力，一定不辜負你的信任。
127,TEXT_VOICEMAN_05000_001050_MYSTERYVOICE,好了，事不宜遲，<hex:02100103>你得做好旅行的準備去見見同伴們了。
128,TEXT_VOICEMAN_05000_001060_MYSTERYVOICE,不過，穿越世界一定讓你的身體疲憊不堪了。<hex:02100103>跟我來，我這裡為你準備了房間，你就先好好休息吧。
129,TEXT_VOICEMAN_05000_001070_MYSTERYVOICE,這裡是水晶都的商業中心“宇宙和音”。<hex:02100103>你準備旅行的物資時，可以利用這裡。
130,TEXT_VOICEMAN_05000_001080_MYSTERYVOICE,啊，對了，關於貨幣你不用擔心。<hex:02100103>你擁有的Gil也能在這裡使用。
131,TEXT_VOICEMAN_05000_001090_MYSTERYVOICE,在光之氾濫發生前，這裡也是有大國發行的貨幣的。<hex:02100103>但是氾濫之後市場陷入極度的混亂。
132,TEXT_VOICEMAN_05000_001100_MYSTERYVOICE,結果又回到了以貴金屬作為流通貨幣的老方法。
133,TEXT_VOICEMAN_05000_001110_MYSTERYVOICE,在這個城市裡，人們以從水晶塔內部發現的<hex:02100103>被稱為亞拉戈的古代文明所使用的貨幣為參考，<hex:02100103>制定出了通用的Gil單位。
134,TEXT_VOICEMAN_05000_001120_MYSTERYVOICE,這種方法又跟著我們做生意而流傳到各地。
135,TEXT_VOICEMAN_05000_001130_MYSTERYVOICE,雅·修朵拉說原初世界使用的Gil和這邊的貨幣相比，<hex:02100103>價值差不多是相等的。
136,TEXT_VOICEMAN_05000_001140_MYSTERYVOICE,除了Gil外，塔內部還發現了不少物品，<hex:02100103>而這些物品對我們的生活也是大有幫助。
137,TEXT_VOICEMAN_05000_001150_MYSTERYVOICE,說不定還能找到你以前見過的東西呢。
138,TEXT_VOICEMAN_05000_001160_MYSTERYVOICE,只是，想在這裡集齊所有所需物資也是個麻煩事……<hex:02100103>要是能和原初世界聯繫上，周轉些物資過來就方便了……
139,TEXT_VOICEMAN_05000_001170_MYSTERYVOICE,<hex:021A020203>“我的朋友，你在嗎？”<hex:021A020103>
140,TEXT_VOICEMAN_05000_001180_FEOUL,(-？？？？-)是的、是的、我在、當然在！<hex:02100103>今天有什麼好玩的事情嗎？
141,TEXT_VOICEMAN_05000_001190_MYSTERYVOICE,你好啊，菲奧·烏兒。<hex:02100103>我看你是最優秀的小仙子，有件事想拜託你。
142,TEXT_VOICEMAN_05000_001200_MYSTERYVOICE,他是我的朋友，從遙遠的地方而來。
143,TEXT_VOICEMAN_05000_001210_MYSTERYVOICE,她是我的朋友，從遙遠的地方而來。
144,TEXT_VOICEMAN_05000_001220_MYSTERYVOICE,<hex:02080DE905FF04>她<hex:FF04>他<hex:03>想要和故鄉那邊做一些物品的交換，<hex:02100103>能不能借用你的力量呢？
145,TEXT_VOICEMAN_05000_001230_FEOUL,哎呀呀！<hex:02100103>你是穿越了世界的邊境來到這裡的吧？！
146,TEXT_VOICEMAN_05000_001240_FEOUL,好厲害啊，<hex:02100103>你的心靈一定擁有我們沒有的特質，<hex:02100103>真是既勇敢又衝動。
147,TEXT_VOICEMAN_05000_001250_FEOUL,好的、好的、沒有問題！<hex:02100103>只要和我簽下契約，我就能幫助你。
148,TEXT_VOICEMAN_05000_001260_FEOUL,我問你啊。<hex:02100103>你穿越世界邊境的時候，<hex:02100103>沒有遺落衣服或者指甲什麼的東西吧？
149,TEXT_VOICEMAN_05000_001270_FEOUL,那就對了！你的所屬物可以像你一樣穿越邊境！<hex:02100103>所以我們來簽一下契約吧！這樣我也能到你的世界去了！
150,TEXT_VOICEMAN_05000_001280_FEOUL,所以，從現在開始我們就像大樹和樹枝一樣沒有任何隔閡了！<hex:02100103>我就是你的<hex:021A020203>“美麗的小樹枝”<hex:021A020103>，<hex:02100103>你是我的<hex:021A020203>“可愛的小樹苗”<hex:021A020103>！
151,TEXT_VOICEMAN_05000_001290_FEOUL,來，伸出你的手。
152,TEXT_VOICEMAN_05000_001300_FEOUL,好了，這就可以了！我的小樹苗。
153,TEXT_VOICEMAN_05000_001310_FEOUL,喂喂，快點給我點事情做啊！<hex:02100103>我好想趕快去你的世界看看呢！
154,TEXT_VOICEMAN_05000_001320_MYSTERYVOICE,那你就讓他先去那邊，<hex:02100103>向你的朋友報個平安怎麼樣？
155,TEXT_VOICEMAN_05000_Q6_000_001_NONE_VOICE,要聯絡誰？
156,TEXT_VOICEMAN_05000_A6_000_001_NONE_VOICE,拜託你去給塔塔露傳個話
157,TEXT_VOICEMAN_05000_A6_000_002_NONE_VOICE,拜託你去給可露兒傳個話
158,TEXT_VOICEMAN_05000_001330_FEOUL,交給我了！<hex:02100103>那我就出發了，耶！
159,TEXT_VOICEMAN_05000_001340_MYSTERYVOICE,他是仙子族，是一種類似魔法生物的種族。
160,TEXT_VOICEMAN_05000_001350_MYSTERYVOICE,他們平常是不會出現在人類的城鎮的，<hex:02100103>但是菲奧好奇心特別旺盛，<hex:02100103>相當喜歡這個水晶都。
161,TEXT_VOICEMAN_05000_001360_MYSTERYVOICE,好了，該帶你去你的房間了。
162,TEXT_VOICEMAN_05000_001370_SYSTEM_NONE_VOICE,（★未使用／削除予定★）
163,TEXT_VOICEMAN_05000_001380_WARRIOROFDARKNESS,(-？？？？-)你……是……
164,TEXT_VOICEMAN_05000_001390_WARRIOROFDARKNESS,(-？？？？-)你是原初世界的光之戰士？！<hex:02100103>怎麼會在這裡！
165,TEXT_VOICEMAN_05000_Q7_000_001_NONE_VOICE,要說什麼？
166,TEXT_VOICEMAN_05000_A7_000_001_NONE_VOICE,你是……暗之戰士？
167,TEXT_VOICEMAN_05000_A7_000_002_NONE_VOICE,你是誰啊？
168,TEXT_VOICEMAN_05000_001400_WARRIOROFDARKNESS,(-？？？？-)什麼！<hex:02100103>你能聽到我的聲音嗎？！
169,TEXT_VOICEMAN_05000_001410_WARRIOROFDARKNESS,(-？？？？-)這……怎麼可能……
170,TEXT_VOICEMAN_05000_001420_WARRIOROFDARKNESS,(-？？？？-)暗之戰士……<hex:02100103>在你的世界時我確實是那麼自稱的。
171,TEXT_VOICEMAN_05000_001430_WARRIOROFDARKNESS,我的原名叫阿爾博特。<hex:02100103>在原初世界時也用過同樣發音的假名。
172,TEXT_VOICEMAN_05000_001440_WARRIOROFDARKNESS,(-？？？？-)你不記得我了？<hex:02100103>看來我還沒資格讓你記住我的樣子啊。
173,TEXT_VOICEMAN_05000_001450_WARRIOROFDARKNESS,我叫阿爾博特。<hex:02100103>曾經是第一世界的光之戰士……<hex:02100103>後來在原初世界以暗之戰士的身份敗給了你。
174,TEXT_VOICEMAN_05000_001460_WARRIOROFDARKNESS,我和我的同伴，<hex:02100103>就是讓第一世界發生光之氾濫的罪魁禍首……
175,TEXT_VOICEMAN_05000_001470_WARRIOROFDARKNESS,我們想著與其這樣坐等一切回歸虛無，不如和無影合作，<hex:02100103>我們就穿越到了原初世界，打算促成世界合併。
176,TEXT_VOICEMAN_05000_001480_WARRIOROFDARKNESS,之後，就敗給了你們。<hex:02100103>但是我們遇到了光之巫女敏菲利亞，<hex:02100103>我們的靈魂也跟著她回到了這邊的世界。
177,TEXT_VOICEMAN_05000_001490_WARRIOROFDARKNESS,我們回來時，正好趕上光之氾濫要吞噬諾弗蘭特。
178,TEXT_VOICEMAN_05000_001500_WARRIOROFDARKNESS,為了阻止氾濫，<hex:02100103>敏菲利亞和僅剩靈魂的同伴們用盡了所有的力量……消失了。<hex:02100103>就只剩下了我一個……
179,TEXT_VOICEMAN_05000_001510_WARRIOROFDARKNESS,現在是什麼年代了？<hex:02100103>光之氾濫後過了多長時間？
180,TEXT_VOICEMAN_05000_001520_WARRIOROFDARKNESS,100年啊……<hex:02100103>竟然過了這麼久……
181,TEXT_VOICEMAN_05000_001530_WARRIOROFDARKNESS,我已經不能觸摸到任何東西了。<hex:02100103>沒人能看到我的樣子，<hex:02100103>也沒人能聽到我的聲音。
182,TEXT_VOICEMAN_05000_001540_WARRIOROFDARKNESS,就好像一個飄蕩於世間的亡魂。
183,TEXT_VOICEMAN_05000_001550_WARRIOROFDARKNESS,我感覺自己已經走過了很長時間……<hex:02100103>時間長到意識已經模糊，甚至快失去自己的身形。
184,TEXT_VOICEMAN_05000_001560_WARRIOROFDARKNESS,可是就在剛才，我的意識突然變得清晰起來，<hex:02100103>好像有什麼東西在吸引著我。<hex:02100103>等我回過神來，就已經在這裡了。
185,TEXT_VOICEMAN_05000_001570_WARRIOROFDARKNESS,你為什麼能夠看見我？<hex:02100103>還有你為什麼會在這裡？
186,TEXT_VOICEMAN_05000_001580_WARRIOROFDARKNESS,為了拯救第一世界，你被召喚到了這裡……
187,TEXT_VOICEMAN_05000_001590_WARRIOROFDARKNESS,白費力氣……<hex:02100103>這個世界已經沒救了。<hex:02100103>想要拯救世界的人，更是不會得到救贖。
188,TEXT_VOICEMAN_05000_001600_WARRIOROFDARKNESS,看看我吧……<hex:02100103>我徘徊了這麼久，都已經忘了當初是為什麼而戰的了。
189,TEXT_VOICEMAN_05000_001610_WARRIOROFDARKNESS,不過，能和你相遇說不定有什麼意義。<hex:02100103>而且你還能看見我，雖然不知道是什麼原因……
190,TEXT_VOICEMAN_05000_001620_WARRIOROFDARKNESS,我想弄清楚為什麼只有自己留在世上……<hex:02100103>這次一定要真正地結束我的旅程。
191,TEXT_VOICEMAN_05000_001630_WARRIOROFDARKNESS,接下來，我會繼續關注你。
192,TEXT_VOICEMAN_05000_001640_WARRIOROFDARKNESS,你最好……多加小心。<hex:02100103>現在的這個世界，已經沒有英雄的容身之所了……
193,TEXT_VOICEMAN_05000_001650_MYSTERYVOICE,啊，房間還住得慣嗎？<hex:02100103>不知你休息好了沒有。
194,TEXT_VOICEMAN_05000_Q8_000_001_NONE_VOICE,要說什麼？
195,TEXT_VOICEMAN_05000_A8_000_001_NONE_VOICE,還可以吧
196,TEXT_VOICEMAN_05000_A8_000_002_NONE_VOICE,出現幽靈了……
197,TEXT_VOICEMAN_05000_001660_MYSTERYVOICE,那就好。<hex:02100103>如果有什麼需要的，儘管向我說。
198,TEXT_VOICEMAN_05000_001670_MYSTERYVOICE,什麼？<hex:02100103>這……這倒是第一次聽說啊……<hex:02100103>如果對你的休息造成影響，一定要告訴我。
199,TEXT_VOICEMAN_05000_001680_MYSTERYVOICE,那麼，我來說說拂曉各位的現狀吧。
200,TEXT_VOICEMAN_05000_001690_MYSTERYVOICE,這是諾弗蘭特的地圖，<hex:02100103>上面是在光之氾濫中倖存的地區……
201,TEXT_VOICEMAN_05000_001700_MYSTERYVOICE,這周圍就是水晶都所在的地域，<hex:02100103>被稱為“雷克蘭德”。
202,TEXT_VOICEMAN_05000_001710_MYSTERYVOICE,北邊是妖精的國度“伊爾美格”，<hex:02100103>尤里安傑就在這一帶活動。
203,TEXT_VOICEMAN_05000_001720_MYSTERYVOICE,東邊是繁盛於古代的“拉凱提卡大森林”，<hex:02100103>這裡是雅·修朵拉的活動地域。
204,TEXT_VOICEMAN_05000_001730_MYSTERYVOICE,只是，想要進入這兩個地域需要做一些準備。
205,TEXT_VOICEMAN_05000_001740_MYSTERYVOICE,我建議你先和阿爾菲諾、阿莉塞會合。<hex:02100103>他們所在的地方可以從這裡乘坐飛行獸直接到達。
206,TEXT_VOICEMAN_05000_001750_MYSTERYVOICE,阿爾菲諾在西面海上的“珂露西亞島”。<hex:02100103>這裡有貴族和富豪聚集的大城市“遊末邦”。
207,TEXT_VOICEMAN_05000_001760_MYSTERYVOICE,他認為想要拯救世界必須先知己，<hex:02100103>因此打算先熟悉人情、疏通人脈。<hex:02100103>現在他也正在當地收集情報。
208,TEXT_VOICEMAN_05000_001770_MYSTERYVOICE,而阿莉塞則在南邊的乾涸之地“安穆·艾蘭”。
209,TEXT_VOICEMAN_05000_001780_MYSTERYVOICE,這裡是光之氾濫停滯的地方，外側就是化為空無的大地了。<hex:02100103>這裡也是人類可以存活的最極限，經常會發生和食罪靈的戰鬥。
210,TEXT_VOICEMAN_05000_001790_MYSTERYVOICE,阿莉塞和哥哥不同，想的是知彼。<hex:02100103>她在那裡當保鑣，順便鍛鍊自己的身手。
211,TEXT_VOICEMAN_05000_001800_MYSTERYVOICE,阿爾菲諾所在的珂露西亞島，<hex:02100103>和阿莉塞所在的安穆·艾蘭。<hex:02100103>你考慮一下先去哪裡吧。
212,TEXT_VOICEMAN_05000_001810_MYSTERYVOICE,等你決定了，就和我說一聲，<hex:02100103>我會儘快給你準備好移動方法。
213,TEXT_VOICEMAN_05000_001820_MYSTERYVOICE,對了，還有桑克瑞德……<hex:02100103>他現在在和一位新同伴一起轉戰各地，<hex:02100103>狩獵食罪靈呢。
214,TEXT_VOICEMAN_05000_001830_MYSTERYVOICE,雖然短時間內可能見不到他，<hex:02100103>不過別擔心，我相信不會太久就能會合了。
215,TEXT_VOICEMAN_05000_001840_WARRIOROFDARKNESS,輕柔的海風 重複的濤聲<hex:02100103>在這個島上時間也已停止了流逝
216,TEXT_VOICEMAN_05000_001850_WARRIOROFDARKNESS,在低垂的光幕下寂靜尤為凸顯<hex:02100103>整個島嶼更像一幅靜止不動的風景畫
217,TEXT_VOICEMAN_05000_001860_WARRIOROFDARKNESS,若有若無的歡快音樂 隨風飄然而至
218,TEXT_VOICEMAN_05000_001870_WARRIOROFDARKNESS,在廣闊的荒野的另一邊 一座城市燈火輝煌
219,TEXT_VOICEMAN_05000_001880_ALPHINAUD,(-？？？？-)嗨，生意還不錯嗎？
220,TEXT_VOICEMAN_05000_001890_THEVA,噢，你來了。<hex:02100103>今天可不得了，有位來自外面的客人呢。
221,TEXT_VOICEMAN_05000_001900_ALPHINAUD,真的是好久不見了……
222,TEXT_VOICEMAN_05000_001910_ALPHINAUD,這是你要的麥種。<hex:02100103>和以前的相比，收成應該會好一些。
223,TEXT_VOICEMAN_05000_001920_THEVA,唉呀，真有你的啊，<hex:02100103>這都能弄到。
224,TEXT_VOICEMAN_05000_001930_THEVA,那我就去收拾空出來的屋子了，<hex:02100103>你們隨意。
225,TEXT_VOICEMAN_05000_001940_ALPHINAUD,我們上次當面談話還是在多瑪俘虜交換儀式的時候吧。<hex:02100103>感覺真的是隔了相當長的時間了……
226,TEXT_VOICEMAN_05000_001950_ALPHINAUD,而且我來到這個世界後也度過了一段時間。<hex:02100103>看到你平安無事……真是太好了……
227,TEXT_VOICEMAN_05000_Q9_000_001_NONE_VOICE,要說什麼？
228,TEXT_VOICEMAN_05000_A9_000_001_NONE_VOICE,這應該是我的台詞
229,TEXT_VOICEMAN_05000_A9_000_002_NONE_VOICE,我可是費了好大力氣才找到你
230,TEXT_VOICEMAN_05000_001960_ALPHINAUD,哈哈……<hex:02100103>在這邊見到阿莉塞時，她也是這麼說的。<hex:02100103>好久沒見到她那麼發脾氣了。
231,TEXT_VOICEMAN_05000_001970_ALPHINAUD,我們來慶祝一下能夠平安再會吧。<hex:02100103>當然，我想更重要的還是交流一下各自的情況。
232,TEXT_VOICEMAN_05000_001980_ALPHINAUD,原來如此……<hex:02100103>我從水晶公和阿莉塞那裡也聽說過一些，<hex:02100103>和帝國之間的戰爭果然無法避免嗎……
233,TEXT_VOICEMAN_05000_001990_ALPHINAUD,而且，還讓塔塔露那麼擔心，<hex:02100103>我們可一定得想辦法安全回去啊。
234,TEXT_VOICEMAN_05000_001991_ALPHINAUD,還要帶上一堆好消息。
235,TEXT_VOICEMAN_05000_002000_ALPHINAUD,所以，我們首先必須阻止第八靈災，<hex:02100103>也就是說我們不能容許原初世界和第一世界合併。
236,TEXT_VOICEMAN_05000_002010_ALPHINAUD,我認為尤里安傑見到的未來是確確實實有可能發生的。
237,TEXT_VOICEMAN_05000_002020_ALPHINAUD,據他所說，<hex:02100103>在原初世界成為第八靈災契機的，<hex:02100103>是帝國使用的一種無形的致死兵器……
238,TEXT_VOICEMAN_05000_002030_ALPHINAUD,毫無疑問，這肯定就是那個“黑玫瑰”了。<hex:02100103>我和蓋烏斯在各地巡迴的時候，<hex:02100103>發現帝國正在重新開發毒瓦斯。
239,TEXT_VOICEMAN_05000_002040_ALPHINAUD,蓋烏斯說此項研究曾經被他廢棄了。<hex:02100103>不過只要人和人之間的爭鬥不斷，<hex:02100103>那麼出現過一次的兵器就不會徹底消失……
240,TEXT_VOICEMAN_05000_002050_ALPHINAUD,我們在原初世界銷毀掉現有的黑玫瑰，<hex:02100103>這並不能從根本上解決問題。
241,TEXT_VOICEMAN_05000_002060_ALPHINAUD,從這個意義上來說，<hex:02100103>我們被召喚來第一世界，可以說是一種幸運。
242,TEXT_VOICEMAN_05000_002070_ALPHINAUD,我們和水晶公將各自的知識融匯到一起，<hex:02100103>大致摸清了世界合併的確切條件。
243,TEXT_VOICEMAN_05000_002080_ALPHINAUD,更多的細節就留給尤里安傑吧，<hex:02100103>由他來親自解說更好……
244,TEXT_VOICEMAN_05000_002090_ALPHINAUD,簡單來說，合併的直接條件，<hex:02100103>就是原初世界和第一世界兩邊都遭遇重大危機。
245,TEXT_VOICEMAN_05000_002100_ALPHINAUD,第一世界這邊就是“食罪靈”引起的問題了。
246,TEXT_VOICEMAN_05000_002110_ALPHINAUD,因此我想解決這個問題。<hex:02100103>不過這不光是為了阻止世界合併……
247,TEXT_VOICEMAN_05000_002120_ALPHINAUD,即使這裡不是我所生所長大的故鄉，<hex:02100103>但這裡的人受到的苦難卻是真實的。<hex:02100103>讓我見死不救，我做不到！
248,TEXT_VOICEMAN_05000_002130_ALPHINAUD,所以我就想先了解這個“遊末邦”，<hex:02100103>這裡自稱世界政府、擁有著巨大的權力。<hex:02100103>這樣對今後的行動肯定會有幫助。
249,TEXT_VOICEMAN_05000_002140_ALPHINAUD,而具體要做些什麼，得進城之後再想了……<hex:02100103>我想請你和我一同前往，怎麼樣？
250,TEXT_VOICEMAN_05000_002150_ALPHINAUD,太好了，又能和你一起旅行了。<hex:02100103>我們可是老搭檔，必定馬到成功。
251,TEXT_VOICEMAN_05000_002160_ALPHINAUD,你看裡面，那就是“歡迎門”。<hex:02100103>從這裡過去之後就是遊末邦了。
252,TEXT_VOICEMAN_05000_002170_ALPHINAUD,這裡則是“門前區”。<hex:02100103>希望住到城裡的人聚集在這裡生活，<hex:02100103>等待著能夠有一天被選中而入住城市。
253,TEXT_VOICEMAN_05000_002180_GATETOWNMIDDLEAGE,唉呀！<hex:02100103>這不是往常的那個古怪小子嗎，<hex:02100103>今天還有個新面孔啊。
254,TEXT_VOICEMAN_05000_002190_GATETOWNMIDDLEAGE,嘿嘿，只要你有一技之長，我們是非常歡迎的。<hex:02100103>不知你擅長些什麼？
255,TEXT_VOICEMAN_05000_002200_ALPHINAUD,他不是想入住城市的人。<hex:02100103>井水不犯河水，<hex:02100103>我們不會妨礙你們的事，你們也別來管我們。
256,TEXT_VOICEMAN_05000_002210_ALPHINAUD,她不是想入住城市的人。<hex:02100103>井水不犯河水，<hex:02100103>我們不會妨礙你們的事，你們也別來管我們。
257,TEXT_VOICEMAN_05000_002220_GATETOWNMIDDLEAGE,你說什麼？！<hex:02100103>我這是好心為你們著想才問的！
258,TEXT_VOICEMAN_05000_002230_CLOWNOFBLUE,(-？？？？-)各位先生！各位女士！<hex:02100103>大家注意了！
259,TEXT_VOICEMAN_05000_002240_CLOWNOFRED,前途無量的候補市民們！<hex:02100103>你們今天過得怎麼樣啊？
260,TEXT_VOICEMAN_05000_002250_CLOWNOFRED,今天呢，有位貴婦想吃超級美味的魚類菜餚！
261,TEXT_VOICEMAN_05000_002260_CLOWNOFBLUE,誰能做到，誰就能跟我們進城哦！<hex:02100103>如果菜餚合了貴婦的胃口，就可以在城市內生活了。<hex:02100103>而且是不做菜的時候也可以住下去的永住哦！
262,TEXT_VOICEMAN_05000_002270_CLOWNOFRED,來來，有沒有人報名啊？<hex:02100103>自己推薦、別人推薦都可以的！
263,TEXT_VOICEMAN_05000_002280_GATETOWNMIDDLEAGE,魚類啊
264,TEXT_VOICEMAN_05000_002290_GATETOWNMAN,有人會做嗎？
265,TEXT_VOICEMAN_05000_002300_GATETOWNWOMAN,她怎麼樣啊？
266,TEXT_VOICEMAN_05000_002310_ALPHINAUD,遊末邦自稱世界政府，<hex:02100103>其實它還有個別名。
267,TEXT_VOICEMAN_05000_002320_ALPHINAUD,最後的享樂城市……<hex:02100103>是在光之氾濫中倖存下來的貴族和富豪<hex:02100103>為了在所剩無幾的時間裡盡情享樂的地方。
268,TEXT_VOICEMAN_05000_002330_ALPHINAUD,而沒有財富的普通人想要住進這個樂園，<hex:02100103>就得像那樣有能為上等人服務的一技之長。
269,TEXT_VOICEMAN_05000_002340_CLOWNOFRED,哦，看起來不錯啊！
270,TEXT_VOICEMAN_05000_002350_CLOWNOFRED,遊末邦歡迎你！<hex:02100103>請你在這個幸福之城盡情發揮實力！
271,TEXT_VOICEMAN_05000_002360_CLOWNOFBLUE,那麼……接下來是什麼大家都很清楚吧？<hex:02100103>看你們期待的表情就知道了！
272,TEXT_VOICEMAN_05000_002370_CLOWNOFBLUE,大家久等了！<hex:02100103>為了慶祝有人邁出人生中新的一步，<hex:02100103>我們將臨時給大家發放“妙料”！
273,TEXT_VOICEMAN_05000_002380_CLOWNOFRED,給你！
274,TEXT_VOICEMAN_05000_002390_CLOWNOFBLUE,來拿吧！
275,TEXT_VOICEMAN_05000_002391_GATETOWNMIDDLEAGE,我都等不及了！
276,TEXT_VOICEMAN_05000_002392_GATETOWNMAN,真是感謝
277,TEXT_VOICEMAN_05000_002393_GATETOWNWOMAN,也給我啊！
278,TEXT_VOICEMAN_05000_002400_ALPHINAUD,所謂妙料就是遊末邦免費發放給<hex:02100103>門前區居民的食物。<hex:02100103>聽說在城市內也是當主食吃的。
279,TEXT_VOICEMAN_05000_002410_ALPHINAUD,現在的時代，人們想糊個口也是困難，<hex:02100103>所以有不少居民都靠著遊末邦發放的食物才能活下去。
280,TEXT_VOICEMAN_05000_002411_ALPHINAUD,但是……我對這種做法……
281,TEXT_VOICEMAN_05000_002420_ALPHINAUD,找到你了！
282,TEXT_VOICEMAN_05000_002430_ALPHINAUD,是你冒充成我派去的人？<hex:02100103>還給我，那個東西是我要用來做交換的。
283,TEXT_VOICEMAN_05000_002440_KAISHIRR,(-藍髮的貓秘族-)這……哦……
284,TEXT_VOICEMAN_05000_002450_KAISHIRR,(-藍髮的貓秘族-)請你饒了我吧！<hex:02100103>我只是想住進遊末邦才一時糊塗！
285,TEXT_VOICEMAN_05000_002460_KAISHIRR,(-藍髮的貓秘族-)我沒有家人，和我一起來這裡的朋友們<hex:02100103>都已經被人看中進了城市，<hex:02100103>就剩我一個……
286,TEXT_VOICEMAN_05000_002470_KAISHIRR,(-藍髮的貓秘族-)打從那個時候，我就不能融入周圍的人群……<hex:02100103>連發放的妙料輪到我的時候也只剩下碎屑了。
287,TEXT_VOICEMAN_05000_002480_KAISHIRR,(-藍髮的貓秘族-)不論我怎麼努力，也沒人肯推薦我進城，<hex:02100103>我連肚子都填不飽……了無生趣……
288,TEXT_VOICEMAN_05000_002490_KAISHIRR,(-藍髮的貓秘族-)於是我就想與其等死，<hex:02100103>不如痛快幹上一場，就……
289,TEXT_VOICEMAN_05000_002500_ALPHINAUD,……你，叫什麼名字？
290,TEXT_VOICEMAN_05000_002510_KAISHIRR,我叫凱·希爾……
291,TEXT_VOICEMAN_05000_002520_ALPHINAUD,那我問你，凱·希爾。<hex:02100103>為什麼你非要進遊末邦呢，去別的地方不行嗎？
292,TEXT_VOICEMAN_05000_002530_ALPHINAUD,比如去水晶都怎麼樣？<hex:02100103>在那裡，雖然不會有人發放食物給你，<hex:02100103>但是只要肯工作，也能得到相應的報酬啊。
293,TEXT_VOICEMAN_05000_002540_KAISHIRR,不行啊，非得是遊末邦……
294,TEXT_VOICEMAN_05000_002550_KAISHIRR,我的朋友全部進了遊末邦……<hex:02100103>我可是和他們約定過，<hex:02100103>大家要一起在那座豪華城市中生活。
295,TEXT_VOICEMAN_05000_002560_ALPHINAUD,我預先說好和鰭人族洽談生意的地點是擊木燈塔。<hex:02100103>我再告訴你我原本打算做的買賣，<hex:02100103>以及怎麼向遊末邦宣傳。
296,TEXT_VOICEMAN_05000_002570_KAISHIRR,您、您這是要將機會讓給我嗎？！
297,TEXT_VOICEMAN_05000_002580_ALPHINAUD,反正只是個機會而已，你就試試吧。<hex:02100103>記住，你自己也得努力，才能抓住這個機會進城。
298,TEXT_VOICEMAN_05000_002590_KAISHIRR,我、我明白！<hex:02100103>真是太謝謝您了！
299,TEXT_VOICEMAN_05000_002600_ALPHINAUD,這次對我們來說只是一次調查的機會，還能再想辦法……<hex:02100103>而對他來說則是影響人生的大事。
300,TEXT_VOICEMAN_05000_002610_ALPHINAUD,我不後悔將機會讓給他，也希望他能夠成功。<hex:02100103>只是……客觀上來講這也許並不是一個好選擇。
301,TEXT_VOICEMAN_05000_002620_ALPHINAUD,也許我應該不顧個體的得失，儘早拯救這個世界……<hex:02100103>因為危機拖得越久，就越有可能有更多的人遇難。
302,TEXT_VOICEMAN_05000_Q10_000_001_NONE_VOICE,要說什麼？
303,TEXT_VOICEMAN_05000_A10_000_001_NONE_VOICE,你這樣就挺好的
304,TEXT_VOICEMAN_05000_A10_000_002_NONE_VOICE,那你多想想補救的辦法
305,TEXT_VOICEMAN_05000_002630_ALPHINAUD,是這樣嗎……<hex:02100103>如果是艾斯蒂尼安閣下，<hex:02100103>一定會說我太天真、太不懂事吧。
306,TEXT_VOICEMAN_05000_002640_ALPHINAUD,但還是要謝謝你。<hex:02100103>我又有了動力，為了讓更多的人獲得幸福而繼續努力。
307,TEXT_VOICEMAN_05000_002650_ALPHINAUD,你說得沒錯。<hex:02100103>我可不會就這麼放棄。
308,TEXT_VOICEMAN_05000_002660_ALPHINAUD,那我們先回工匠村吧。
309,TEXT_VOICEMAN_05000_002670_ALPHINAUD,那是什麼？
310,TEXT_VOICEMAN_05000_002680_ALPHINAUD,雖然離得還很遠，但好像是有人倒在地上！
311,TEXT_VOICEMAN_05000_002690_ALPHINAUD,看來是發生了什麼事，<hex:02100103>我們趕快過去救人！
312,TEXT_VOICEMAN_05000_002700_WARRIOROFDARKNESS,我們沒有救贖——
313,TEXT_VOICEMAN_05000_002710_WARRIOROFDARKNESS,只有聖人和蠢人 或者這個城市的居民<hex:02100103>才會對這句話表示否定吧
314,TEXT_VOICEMAN_05000_002720_WARRIOROFDARKNESS,曾經堅不可摧的海洋之都<hex:02100103>在世界終結之際 開始了喧鬧的宴席
315,TEXT_VOICEMAN_05000_002730_WARRIOROFDARKNESS,或許是演出喜劇便能夠遺忘悲傷
316,TEXT_VOICEMAN_05000_002740_WARRIOROFDARKNESS,亦或是只有這裡真的能夠永世長存——
317,TEXT_VOICEMAN_05000_002750_DULIACHAI,唉呀，你是哪位啊？
318,TEXT_VOICEMAN_05000_002760_ALPHINAUD,初次見面。<hex:02100103>請問二位就是尋找畫家的采夫婦嗎？
319,TEXT_VOICEMAN_05000_002770_CHAINUZZ,哦，那你們就是新來的……
320,TEXT_VOICEMAN_05000_002780_DULIACHAI,哎呀哎呀哎呀！<hex:02100103>真是個可愛的男孩子！
321,TEXT_VOICEMAN_05000_002790_DULIACHAI,飄逸的頭髮，還有充滿氣質的臉蛋……<hex:02100103>還有一股鮮花般的香氣！
322,TEXT_VOICEMAN_05000_002800_DULIACHAI,我說親愛的啊！<hex:02100103>我可一眼就看中了這孩子！<hex:02100103>他肯定……不、絕對能畫出上等的作品！
323,TEXT_VOICEMAN_05000_002810_CHAINUZZ,嗯、嗯……<hex:02100103>我看也是啊，希望比上次的那個畫得又差，<hex:02100103>性格又孤僻的畫家要好吧……
324,TEXT_VOICEMAN_05000_002820_DULIACHAI,那就看你們的了。<hex:02100103>那個……
325,TEXT_VOICEMAN_05000_002830_ALPHINAUD,老爺、夫人，我叫阿爾菲諾，<hex:02100103>這邊這位是我的助手。<hex:02100103>今後還請老爺和夫人多多關照。
326,TEXT_VOICEMAN_05000_002840_CHAINUZZ,嗯……<hex:02100103>我見過有些人是帶著家人進城的，<hex:02100103>可是你年紀輕輕的卻帶著助手，倒是少見。
327,TEXT_VOICEMAN_05000_002850_ALPHINAUD,實際上也可以算是我的家人了。<hex:02100103>雖然我們並沒有血緣上的關係，<hex:02100103>可是每當我陷入苦難時，必定有<hex:02080DE905FF04>她<hex:FF04>他<hex:03>支持著我。
328,TEXT_VOICEMAN_05000_002860_ALPHINAUD,而且只有他是最能夠理解我的畫作的。<hex:02100103>只有和他一起創作，<hex:02100103>我畫出來的作品才能夠使二位心滿意足。
329,TEXT_VOICEMAN_05000_002870_ALPHINAUD,而且只有她是最能夠理解我的畫作的。<hex:02100103>只有和她一起創作，<hex:02100103>我畫出來的作品才能夠使二位心滿意足。
330,TEXT_VOICEMAN_05000_002880_ALPHINAUD,只不過，剛開始畫的時候只有我一個人就夠了。
331,TEXT_VOICEMAN_05000_002890_ALPHINAUD,因此，我想讓我的助手去見識見識城內的事物，<hex:02100103>請問二位能否答應？
332,TEXT_VOICEMAN_05000_002900_ALPHINAUD,<hex:02080DE905FF04>她<hex:FF04>他<hex:03>一直以來都在幫我，<hex:02100103>我就想讓<hex:02080DE905FF04>她<hex:FF04>他<hex:03>早點看看我們一直憧憬的遊末邦。
333,TEXT_VOICEMAN_05000_002910_DULIACHAI,唉呀，真是心地善良的孩子們啊！<hex:02100103>既然如此，你們就隨便去逛吧！
334,TEXT_VOICEMAN_05000_002920_DULIACHAI,我說親愛的！沒問題吧！
335,TEXT_VOICEMAN_05000_002930_CHAINUZZ,啊……啊，是啊……既然夫人都這麼說了……
336,TEXT_VOICEMAN_05000_002940_ALPHINAUD,他就是……<hex:02100103>遊末邦的首領沃斯里！
337,TEXT_VOICEMAN_05000_002950_ALPHINAUD,他身邊的是食罪靈嗎？<hex:02100103>居然不攻擊人類……這就是他的力量？
338,TEXT_VOICEMAN_05000_002960_KAISHIRR,(-？？？？-)呃……呃呃……
339,TEXT_VOICEMAN_05000_002970_ALPHINAUD,那個人是！
340,TEXT_VOICEMAN_05000_002980_ALPHINAUD,凱·希爾？！<hex:02100103>這是怎麼回事？！
341,TEXT_VOICEMAN_05000_002990_VAUTHRY,嗯？你們是幹什麼的？<hex:02100103>怎麼隨便就進來了，真是沒禮貌……
342,TEXT_VOICEMAN_05000_003000_ALPHINAUD,沃斯里大王！<hex:02100103>這是怎麼回事？為什麼他會受傷？！
343,TEXT_VOICEMAN_05000_003010_VAUTHRY,為什麼？什麼為什麼？<hex:02100103>犯罪受罰天經地義，這個人對我說謊了。
344,TEXT_VOICEMAN_05000_003020_VAUTHRY,他說他商業手腕了得，我才把他招了過來，<hex:02100103>但是他卻一再讓我失望。
345,TEXT_VOICEMAN_05000_003030_VAUTHRY,遊末邦可是關愛的城市，在這裡人人都要互相幫助。<hex:02100103>只懂得索取，而不會貢獻，那就和垃圾一樣！
346,TEXT_VOICEMAN_05000_003040_VAUTHRY,作為懲罰，我只是讓他從那裡跳出去。
347,TEXT_VOICEMAN_05000_003050_VAUTHRY,可他卻還哭著求我原諒。
348,TEXT_VOICEMAN_05000_003060_VAUTHRY,我心軟啊，只好給他指了另一條路向我證明自己，<hex:02100103>有什麼問題麼？
349,TEXT_VOICEMAN_05000_003070_ALPHINAUD,你讓他……做了什麼！
350,TEXT_VOICEMAN_05000_003080_VAUTHRY,食罪靈是遊末邦的同胞。<hex:02100103>而組成生物身體的乙太可是他們的食物……
351,TEXT_VOICEMAN_05000_003090_VAUTHRY,所以我就讓他奉獻出自己的血肉！<hex:02100103>親手從自己的身體上割下來！
352,TEXT_VOICEMAN_05000_003100_VAUTHRY,可、是、呢！<hex:02100103>這個蠢貨連這麼點事情都做不到！
353,TEXT_VOICEMAN_05000_003110_VAUTHRY,真是無聊透頂了！
354,TEXT_VOICEMAN_05000_003120_ALPHINAUD,他可能真是撒了謊。<hex:02100103>但是他對這個城市的嚮往卻是真心的。
355,TEXT_VOICEMAN_05000_003130_ALPHINAUD,而遊末邦的民眾就是這麼對待仰慕者的嗎？！<hex:02100103>用暴力和羞辱？！
356,TEXT_VOICEMAN_05000_003140_VAUTHRY,唉……真是個膚淺的小子……<hex:02100103>你知道在這個已經壞掉的世界建設夢想中的樂園<hex:02100103>有多麼不容易嗎？
357,TEXT_VOICEMAN_05000_003150_VAUTHRY,這需要永遠不會受到威脅的安全環境和<hex:02100103>絕不會動搖的唯一秩序。
358,TEXT_VOICEMAN_05000_003160_VAUTHRY,而只有我，只有能控制食罪靈的我，<hex:02100103>才能帶來這一切……
359,TEXT_VOICEMAN_05000_003170_VAUTHRY,所以，在這裡我就是絕對的正義！<hex:02100103>不遵從我的話，那就是惡徒，就該受到處罰！<hex:02100103>不管是多麼瑣碎的小事！
360,TEXT_VOICEMAN_05000_003180_ALPHINAUD,這根本就不是什麼樂園！
361,TEXT_VOICEMAN_05000_003190_VAUTHRY,倒是你，既然能進城應該是被人看中了什麼本事吧？<hex:02100103>說說看，你能做些什麼？
362,TEXT_VOICEMAN_05000_003200_ALPHINAUD,……我是來畫畫的。
363,TEXT_VOICEMAN_05000_003210_VAUTHRY,喲呵，畫家呀。<hex:02100103>那你為我畫一幅吧。
364,TEXT_VOICEMAN_05000_003220_VAUTHRY,你要是畫得好了，這次就饒了你的無禮舉動。<hex:02100103>也可以讓你繼續住在遊末邦哦？
365,TEXT_VOICEMAN_05000_003230_VAUTHRY,喂、誰叫你擅自行動了？<hex:02100103>我說，給我畫一幅畫！
366,TEXT_VOICEMAN_05000_003240_ALPHINAUD,你需要的不是畫，而是鏡子。<hex:02100103>你可以照照自己，看看自己是多麼醜惡，<hex:02100103>就像一堆煮爛的腐肉。
367,TEXT_VOICEMAN_05000_003250_ALPHINAUD,你還能走嗎？
368,TEXT_VOICEMAN_05000_003260_KAISHIRR,啊，可以……
369,TEXT_VOICEMAN_05000_003270_VAUTHRY,他、他、他剛才說了什麼？<hex:02100103>居、居、居然侮、侮辱了我……
370,TEXT_VOICEMAN_05000_003280_VAUTHRY,啊啊啊啊啊啊啊！
371,TEXT_VOICEMAN_05000_003290_VAUTHRY,該、該死的傢伙！不可饒恕！
372,TEXT_VOICEMAN_05000_003300_VAUTHRY,讓你們變成人偶都便宜了你們！<hex:02100103>我要折磨你們、羞辱你們、再、再殺死你們！
373,TEXT_VOICEMAN_05000_003310_WARRIOROFDARKNESS,安穆·艾蘭——<hex:02100103>這片乾涸的土地上曾有個名為拿巴示艾蘭的國家
374,TEXT_VOICEMAN_05000_003320_WARRIOROFDARKNESS,以前我在路途中經過這裡時<hex:02100103>有一位黝黑的老人對我說過
375,TEXT_VOICEMAN_05000_003330_WARRIOROFDARKNESS,在他們的語言中 安穆代表“偉大”<hex:02100103>艾蘭代表“大地”
376,TEXT_VOICEMAN_05000_003340_WARRIOROFDARKNESS,光之氾濫後 那個國家消失了<hex:02100103>這個名字又會給人帶來怎樣的情懷呢
377,TEXT_VOICEMAN_05000_Q11_000_001_NONE_VOICE,這是……
378,TEXT_VOICEMAN_05000_A11_000_001_NONE_VOICE,鼴……靈？
379,TEXT_VOICEMAN_05000_A11_000_002_NONE_VOICE,地靈族！
380,TEXT_VOICEMAN_05000_A11_000_003_NONE_VOICE,好可愛的眼睛……
381,TEXT_VOICEMAN_05000_003350_CASSARD,戈恩艮先生，這位就是剛剛提到的水晶公的朋友。
382,TEXT_VOICEMAN_05000_003360_GHENGEN,唉呀，初次見面啊！<hex:02100103>歡迎歡迎，歡迎來到廢物回收的城鎮，鼴靈集市！
383,TEXT_VOICEMAN_05000_003370_CASSARD,鼴靈集市就如其名，是鼴靈族開辦的。<hex:02100103>這個市場現在可是安穆·艾蘭最大最興盛的市場呢。
384,TEXT_VOICEMAN_05000_003380_CASSARD,這裡不僅能買到附近礦山出產的礦石，<hex:02100103>還有很多別處找不到的好東西。
385,TEXT_VOICEMAN_05000_003390_CASSARD,雖說沒人願意來安穆·艾蘭，<hex:02100103>可這裡卻是個例外！<hex:02100103>有很多商人來這裡碰運氣，看看能不能買到好東西。
386,TEXT_VOICEMAN_05000_003400_GHENGEN,用途一目了然的平常物品，<hex:02100103>那是去哪裡都能買到啊。<hex:02100103>而稀有物品，就只有這裡才能找到哦！
387,TEXT_VOICEMAN_05000_003410_GHENGEN,所以有不少遠方的客人<hex:02100103>不惜花費大價錢也要來這裡！
388,TEXT_VOICEMAN_05000_003420_GHENGEN,市場就是因為這個原因才一直繁盛啊！<hex:02100103>只要是這個世界上的東西，就沒有廢物！
389,TEXT_VOICEMAN_05000_003430_CASSARD,戈恩艮先生，你每次都要說這個！<hex:02100103>好像是什麼祖傳的生意秘訣？
390,TEXT_VOICEMAN_05000_003440_CASSARD,也多虧了這個信念，<hex:02100103>你們才會不分種族，一視同仁地接受難民。<hex:02100103>還真是功德無量啊。
391,TEXT_VOICEMAN_05000_003450_CASSARD,接下來你要在這裡活動，<hex:02100103>可就得和這裡的居民搞好關係啊。
392,TEXT_VOICEMAN_05000_003460_CASSARD,而這裡的風俗是，<hex:02100103>每當有新面孔來到時，要舉行某種儀式來締結信賴關係。
393,TEXT_VOICEMAN_05000_003470_GHENGEN,好啊！歡迎來做“第一買”！<hex:02100103>只要是市場上賣的東西，你隨便買一個就行！<hex:02100103>價錢高低不是問題！
394,TEXT_VOICEMAN_05000_003480_CASSARD,就是這樣。<hex:02100103>水晶公也早就想到了，還給你附帶了點零用錢呢。
395,TEXT_VOICEMAN_05000_003490_CASSARD,這可是孚布特金幣！<hex:02100103>怎麼樣，嚇你一跳吧！<hex:02100103>這東西，我也是好久沒見過了！
396,TEXT_VOICEMAN_05000_003500_MORDMERCHANTA,孚布特金幣？！真的嗎？！
397,TEXT_VOICEMAN_05000_003510_MORDMERCHANTB,新來的客人，這第一買請務必關照本店啊！
398,TEXT_VOICEMAN_05000_003520_MORDMERCHANTC,不不不，還是我家好！<hex:02100103>我家有光滑的罈子……非常非常光滑的罈子喲！
399,TEXT_VOICEMAN_05000_003530_MORDMERCHANTA,瞧一瞧！
400,TEXT_VOICEMAN_05000_003540_MORDMERCHANTB,看一看！
401,TEXT_VOICEMAN_05000_003550_MORDMERCHANTC,買一買哦！
402,TEXT_VOICEMAN_05000_003560_GHENGEN,哎呀哎呀，大家冷靜一點呢！
403,TEXT_VOICEMAN_05000_003570_GHENGEN,這位可是要在荒野旅行一段時間的。<hex:02100103>太大的、太重的都不好帶，還有罈子也不行！
404,TEXT_VOICEMAN_05000_003580_GHENGEN,你要旅行當然是身子最要緊。<hex:02100103>這第一買嗎，我推薦你去“勒昂羅的蠕動食材店”，<hex:02100103>吃一些補補身體的食物！
405,TEXT_VOICEMAN_05000_003590_ALISAIE,(-？？？？-)別想跑掉！
406,TEXT_VOICEMAN_05000_003600_ALISAIE,天啊……真的是你？！
407,TEXT_VOICEMAN_05000_003610_ALISAIE,喝
408,TEXT_VOICEMAN_05000_Q12_000_001_NONE_VOICE,要說什麼？
409,TEXT_VOICEMAN_05000_A12_000_001_NONE_VOICE,有兩下子啊！
410,TEXT_VOICEMAN_05000_A12_000_002_NONE_VOICE,還是不夠老練啊
411,TEXT_VOICEMAN_05000_003620_ALISAIE,雖說是食罪靈，但這是最弱的種類嘛。<hex:02100103>能收拾他們也不是什麼值得驕傲的事……
412,TEXT_VOICEMAN_05000_003630_ALISAIE,我、我知道的啦！<hex:02100103>我是看到你後有點驚訝才……下次肯定沒問題啦。
413,TEXT_VOICEMAN_05000_003640_ALISAIE,我雖然想到你早晚也會來到這裡，<hex:02100103>可你這也太晚了吧？
414,TEXT_VOICEMAN_05000_003650_ALISAIE,……好久不見，你還好嗎？
415,TEXT_VOICEMAN_05000_003660_ALISAIE,和帝國的戰爭還處在膠著狀態啊……
416,TEXT_VOICEMAN_05000_003670_ALISAIE,水晶公曾一度聯繫上原初世界，<hex:02100103>我從他那裡也聽說危機暫時過去了……<hex:02100103>可是兩邊的時間流速不同，我還是很擔心的。
417,TEXT_VOICEMAN_05000_003680_ALISAIE,我在這邊見過阿爾菲諾和尤里安傑，<hex:02100103>也把我知道的事情告訴過他們。
418,TEXT_VOICEMAN_05000_003690_ALISAIE,雖然我還沒見過桑克瑞德和雅·修朵拉，<hex:02100103>但是水晶公、阿爾菲諾和尤里安傑應該轉達給了他們。
419,TEXT_VOICEMAN_05000_003700_ALISAIE,一想到塔塔露他們留在原初世界，<hex:02100103>我就恨不得立刻回去……
420,TEXT_VOICEMAN_05000_003710_ALISAIE,可是現在還找不到辦法回去。<hex:02100103>更重要的是尤里安傑預見的未來不容忽視啊。
421,TEXT_VOICEMAN_05000_003720_ALISAIE,尤里安傑這個人啊……<hex:02100103>說話奇奇怪怪的，還總是喜歡自己一個人想，<hex:02100103>也不解釋給別人聽。
422,TEXT_VOICEMAN_05000_003730_ALISAIE,可是他的心地卻是善良的，是個大好人。<hex:02100103>他不可能說謊來傷害大家。
423,TEXT_VOICEMAN_05000_003740_ALISAIE,所以，那些第八靈災……英雄會犧牲……的話，<hex:02100103>我想他肯定是經過令人苦惱的心理鬥爭才決定說出來的。
424,TEXT_VOICEMAN_05000_003750_ALISAIE,所以我相信他的話。<hex:02100103>我們現在要做的是阻止世界的合併，<hex:02100103>而這就需要我們從食罪靈的威脅中拯救第一世界。
425,TEXT_VOICEMAN_05000_003760_ALISAIE,你看看那面巨大的白色絕壁。<hex:02100103>那就是光之氾濫留下的痕跡。
426,TEXT_VOICEMAN_05000_003770_ALISAIE,在100年前的某一天，<hex:02100103>第一世界裡日漸變強的光之力終於突破了極限，<hex:02100103>徹底爆發了……
427,TEXT_VOICEMAN_05000_003780_ALISAIE,爆發中產生的超高濃度的光之波動吞噬了世界九成的表面，<hex:02100103>只剩下諾弗蘭特倖免於難。
428,TEXT_VOICEMAN_05000_003790_ALISAIE,通常情況下，所有生物都擁有多種屬性的乙太。
429,TEXT_VOICEMAN_05000_003800_ALISAIE,但生物被光之波動吞沒後，<hex:02100103>體內的乙太平衡會被破壞，<hex:02100103>它們就不能保持原本的形態了。
430,TEXT_VOICEMAN_05000_003810_ALISAIE,要嘛消失歸於虛無……<hex:02100103>要嘛就變成毫無理性的異形怪物。
431,TEXT_VOICEMAN_05000_003820_ALISAIE,沒錯，食罪靈原本是人類……<hex:02100103>是人類被光之氾濫吞噬後變異成的怪物。
432,TEXT_VOICEMAN_05000_003830_ALISAIE,變成食罪靈後就沒有辦法恢復原樣了。<hex:02100103>而食罪靈是要吞食乙太的，<hex:02100103>對它們來說人類就是食物。
433,TEXT_VOICEMAN_05000_003840_ALISAIE,或者是增加同類的溫床……<hex:02100103>一些強力的食罪靈可以打亂我們體內的乙太，<hex:02100103>強行創造新的食罪靈。
434,TEXT_VOICEMAN_05000_003850_ALISAIE,食罪靈的目的就是進食和繁衍自身。<hex:02100103>可就是因為它們的目的單純，使得根本沒有交涉的可能。<hex:02100103>可以說，食罪靈是徹底的人類之敵。
435,TEXT_VOICEMAN_05000_003860_ALISAIE,而被食罪靈襲擊後即將變成怪物的人們，<hex:02100103>就會被丟棄到這個地方。<hex:02100103>“上路客店”指的就是走上死亡之路。
436,TEXT_VOICEMAN_05000_003870_ALISAIE,你看那裡，<hex:02100103>就是巨大結晶的斷層處。
437,TEXT_VOICEMAN_05000_003880_ALISAIE,從斷層那裡能看到對面的白色地平線吧？
438,TEXT_VOICEMAN_05000_003890_ALISAIE,據說那就是被光之氾濫吞噬的土地，<hex:02100103>那裡是純白色的空間，沒有任何事物……
439,TEXT_VOICEMAN_05000_003900_ALISAIE,那個地方至今還充滿著強烈的光之力，<hex:02100103>人們只要一踏入，體內的乙太就會失去平衡。<hex:02100103>生物是不能在那種地方生存的……
440,TEXT_VOICEMAN_05000_003910_ALISAIE,……剛才買的油桃，<hex:02100103>是哈爾里克……就是那個正在變異成食罪靈的孩子<hex:02100103>最喜歡吃的東西。
441,TEXT_VOICEMAN_05000_003920_ALISAIE,那個孩子，還有其他很多患者，<hex:02100103>都是被強力的食罪靈襲擊，卻僥倖活下來的人。
442,TEXT_VOICEMAN_05000_003930_ALISAIE,可是……他們也只是沒有當場喪命而已，<hex:02100103>敵人的力量已經侵入他們的體內，<hex:02100103>他們的乙太正在被侵蝕。
443,TEXT_VOICEMAN_05000_003940_ALISAIE,而且這裡的環境也非常惡劣。<hex:02100103>普通人在這裡還能靠身體的自動調整來維持乙太平衡，<hex:02100103>而他們，會將吸收到的光之力全部儲存起來……
444,TEXT_VOICEMAN_05000_003950_ALISAIE,所以……<hex:02100103>他們所有人都是遲早要變成食罪靈的。
445,TEXT_VOICEMAN_05000_003960_ALISAIE,泰絲琳她們也很清楚這一點，<hex:02100103>所以會在患者完全成為食罪靈前結束他們的生命。
446,TEXT_VOICEMAN_05000_003970_ALISAIE,趁著患者還清醒的時候，<hex:02100103>在他們以前愛吃的食物裡下毒什麼的……<hex:02100103>我已經不止一次地見過這樣的事情了。
447,TEXT_VOICEMAN_05000_003980_ALISAIE,我當然是不甘心的，<hex:02100103>就算我一直努力戰鬥，可還是不夠強大。
448,TEXT_VOICEMAN_05000_003990_ALISAIE,但是我不能逃避，必須面對現實。<hex:02100103>我以前對你說不要丟下大家倒下去，<hex:02100103>可自己卻先失去了意識。
449,TEXT_VOICEMAN_05000_004000_ALISAIE,我當時就向水晶公抱怨了很久，<hex:02100103>為什麼非要在那種節骨眼召喚我……
450,TEXT_VOICEMAN_05000_004010_ALISAIE,可是不管我怎麼將責任推給別人，<hex:02100103>還是後悔將你一個人留在了戰場。<hex:02100103>所以，我決定了。
451,TEXT_VOICEMAN_05000_004020_ALISAIE,在這邊我要加倍努力，<hex:02100103>不管是多麼艱難的道路，也要走到底。
452,TEXT_VOICEMAN_05000_004030_ALISAIE,這就是我現在的決心，也是支撐我的動力。
453,TEXT_VOICEMAN_05000_004040_ALISAIE,我們也差不多該回去了。<hex:02100103>出來太久，會讓泰絲琳擔心的。
454,TEXT_VOICEMAN_05000_004050_TESLEEN,不夠了你們就說一聲，<hex:02100103>今天我多做了一些呢。
455,TEXT_VOICEMAN_05000_004060_ALISAIE,我感覺今天的湯比平時多一些肉菜呢。
456,TEXT_VOICEMAN_05000_004070_TESLEEN,你說對了，從水晶都來的人可是稀客呀，<hex:02100103>我就想著偶爾也奢侈一下嘛。
457,TEXT_VOICEMAN_05000_Q13_000_001_NONE_VOICE,要說什麼？
458,TEXT_VOICEMAN_05000_A13_000_001_NONE_VOICE,其實不必這麼客氣。
459,TEXT_VOICEMAN_05000_A13_000_002_NONE_VOICE,那我就不客氣了，再來一碗！
460,TEXT_VOICEMAN_05000_004080_TESLEEN,要的要的。<hex:02100103>從水晶都來人真的是很稀有啊，我真的很高興。
461,TEXT_VOICEMAN_05000_004090_TESLEEN,沒問題！<hex:02100103>你稍等一會，下一波很快就煮好了。<hex:02100103>希望合你的胃口啊。
462,TEXT_VOICEMAN_05000_004100_TESLEEN,在這裡，天天看到的不是丟棄就是分離，<hex:02100103>很難遇到什麼開心事的。
463,TEXT_VOICEMAN_05000_004110_TESLEEN,我是帶著母親來到這裡的，<hex:02100103>她當時也出現了異變的前兆。
464,TEXT_VOICEMAN_05000_004120_TESLEEN,我知道母親已經沒救了，只有死亡才是最好的歸宿，<hex:02100103>可我就是做不到啊……<hex:02100103>來到這裡的人大都是這樣的。
465,TEXT_VOICEMAN_05000_004130_TESLEEN,這裡並沒有什麼希望。<hex:02100103>有的只是苟延殘喘的一點時間……還有就是沒有痛苦的死亡。
466,TEXT_VOICEMAN_05000_004140_TESLEEN,可就算如此，我還是真心慶幸<hex:02100103>能夠在母親靜靜去世時陪伴在她的身邊。
467,TEXT_VOICEMAN_05000_004150_TESLEEN,……是啊，怎麼可能不傷心呢。<hex:02100103>就算對於患者來說是唯一的救贖，<hex:02100103>可是仍要親手奪走自己照顧的患者的性命……
468,TEXT_VOICEMAN_05000_004160_TESLEEN,有時候我真的會毫不負責地想，<hex:02100103>要是有“暗之戰士”來代替我做這些就好了。
469,TEXT_VOICEMAN_05000_004170_ALISAIE,暗之戰士？
470,TEXT_VOICEMAN_05000_004180_TESLEEN,你不知道暗之戰士嗎？<hex:02100103>雖然我也不太清楚起源，但是個有名的傳說呢。
471,TEXT_VOICEMAN_05000_004190_TESLEEN,“暗之戰士是死亡的使者，<hex:02100103>他收割生命，使生命回歸天上的無光之海”
472,TEXT_VOICEMAN_05000_004200_TESLEEN,“任何人都無法逃過他的收割，<hex:02100103>不管是人類、還是人類變成的食罪靈”
473,TEXT_VOICEMAN_05000_004210_TESLEEN,……大概是這樣的。<hex:02100103>雖然沒人真的見過暗之戰士，<hex:02100103>只是流傳於人們之間的傳說。
474,TEXT_VOICEMAN_05000_004220_ALISAIE,……這個傳說真有點令人毛骨悚然。
475,TEXT_VOICEMAN_05000_004230_TESLEEN,會嗎？我倒是覺得挺不錯的。<hex:02100103>不管是人還是食罪靈，其生命都能回到天上啊。
476,TEXT_VOICEMAN_05000_004240_JOURNEYSHEADPATIENT,來了……
477,TEXT_VOICEMAN_05000_004250_JOURNEYSHEADNURSE,泰絲琳，不好了！
478,TEXT_VOICEMAN_05000_004260_JOURNEYSHEADNURSE,哈爾里克……哈爾里克不見了！<hex:02100103>我就離開了一小會兒，他就不見了！
479,TEXT_VOICEMAN_05000_004270_ALISAIE,怎麼樣，找到了嗎？！
480,TEXT_VOICEMAN_05000_004280_ALISAIE,你那邊也沒有線索啊……<hex:02100103>我想他應該走不了多遠的……
481,TEXT_VOICEMAN_05000_004290_ALISAIE,可是正好食罪靈也開始有動靜了，不妙啊。<hex:02100103>我們再找找別的地方……
482,TEXT_VOICEMAN_05000_004300_ALISAIE,那也是食罪靈！<hex:02100103>而且應該很強！
483,TEXT_VOICEMAN_05000_004310_ALISAIE,它可能是來襲擊人類的！<hex:02100103>我們追上去！
484,TEXT_VOICEMAN_05000_004320_ALISAIE,在那裡！
485,TEXT_VOICEMAN_05000_004330_ALISAIE,那個人是……怎麼會！
486,TEXT_VOICEMAN_05000_004340_ALISAIE,哈爾里克！
487,TEXT_VOICEMAN_05000_004350_TESLEEN,我們快逃！
488,TEXT_VOICEMAN_05000_004360_ALISAIE,泰絲琳！
489,TEXT_VOICEMAN_05000_004370_TESLEEN,這個世界上，並沒有什麼……<hex:02100103>沒用的東西……
490,TEXT_VOICEMAN_05000_004380_TESLEEN,你也是如此……就算……死亡無可迴避……<hex:02100103>也不能在……痛苦、自棄中……死去……
491,TEXT_VOICEMAN_05000_004390_TESLEEN,我說的……沒錯吧……母親……
492,TEXT_VOICEMAN_05000_004400_TESLEEN,啊、啊、啊啊
493,TEXT_VOICEMAN_05000_004410_TESLEEN,啊啊啊啊啊！
494,TEXT_VOICEMAN_05000_004411_TESLEEN,哦哦哦
495,TEXT_VOICEMAN_05000_004420_ALISAIE,不……不要！泰絲琳！
496,TEXT_VOICEMAN_05000_004430_TESLEEN,對……不起……阿莉塞……
497,TEXT_VOICEMAN_05000_004440_MYSTERYVOICE,三位，歡迎你們回來。
498,TEXT_VOICEMAN_05000_004450_MYSTERYVOICE,經過這一番探查，<hex:02100103>你們對第一世界的情況也有所瞭解了吧？
499,TEXT_VOICEMAN_05000_004460_ALISAIE,是的，我們親眼見到了……
500,TEXT_VOICEMAN_05000_004470_ALISAIE,只有一小部分地區躲過了光之氾濫。<hex:02100103>而生活在這些土地上的人們也無時無刻不處於食罪靈的威脅下。
501,TEXT_VOICEMAN_05000_004480_MYSTERYVOICE,沒錯……<hex:02100103>在這種情況下要徹底排除食罪靈的威脅，<hex:02100103>聽起來像是天方夜譚吧。
502,TEXT_VOICEMAN_05000_004490_MYSTERYVOICE,但是人類在付出了慘重的代價後也不是一無所獲，<hex:02100103>我們找到了一個方法也許是可行的。
503,TEXT_VOICEMAN_05000_004500_MYSTERYVOICE,我們得知了食罪靈中也有負責統領集團的上級個體，<hex:02100103>我們稱呼他們為“靈光衛”，<hex:02100103>這些靈光衛的數量是有限的。
504,TEXT_VOICEMAN_05000_004510_MYSTERYVOICE,就像螞蟻必須有蟻后才能築起巢穴，<hex:02100103>只要打倒了靈光衛，<hex:02100103>低級的食罪靈就會放棄在那片地區肆虐。
505,TEXT_VOICEMAN_05000_004520_ALPHINAUD,但是遊末邦應該不會放任我們消滅食罪靈吧？
506,TEXT_VOICEMAN_05000_004530_ALPHINAUD,沃斯里能夠統治遊末邦，<hex:02100103>就是靠著能指使食罪靈。
507,TEXT_VOICEMAN_05000_004540_ALPHINAUD,那要是有人到處打倒食罪靈，<hex:02100103>他肯定是不會輕易放過的。
508,TEXT_VOICEMAN_05000_004550_MYSTERYVOICE,你說的沒錯。<hex:02100103>因此我們得一邊提防著遊末邦，<hex:02100103>一邊討伐靈光衛。
509,TEXT_VOICEMAN_05000_004560_MYSTERYVOICE,為了防止第八靈災發生，<hex:02100103>這就是你們當前要做的事情。<hex:02100103>當然，我的目的和你們是一致的。
510,TEXT_VOICEMAN_05000_Q14_000_001_NONE_VOICE,說什麼
511,TEXT_VOICEMAN_05000_A14_000_001_NONE_VOICE,這樣真的能防止靈災嗎？
512,TEXT_VOICEMAN_05000_A14_000_002_NONE_VOICE,我還是有點不太相信……
513,TEXT_VOICEMAN_05000_004570_MYSTERYVOICE,那麼……<hex:02100103>請允許我佔用你們一點時間，<hex:02100103>來解釋一下世界合併和靈災到底是什麼。
514,TEXT_VOICEMAN_05000_004580_MYSTERYVOICE,在太古時期，唯一的世界分裂成了14個世界。
515,TEXT_VOICEMAN_05000_004590_MYSTERYVOICE,你們所在的世界是“原初世界”。<hex:02100103>另外還有包括第一世界在內的13個“鏡像世界”。
516,TEXT_VOICEMAN_05000_004600_MYSTERYVOICE,雖然這些世界是分隔著的，<hex:02100103>但是互相之間也會有一些干涉。<hex:02100103>和作為本源的原初世界之間的干涉尤其顯著。
517,TEXT_VOICEMAN_05000_004610_MYSTERYVOICE,……現在我們假設在某個鏡像世界，<hex:02100103>某一種屬性之力變得異常強大。
518,TEXT_VOICEMAN_05000_004620_MYSTERYVOICE,那麼，這種強大的屬性之力就會流入原初世界。<hex:02100103>就像水從高處流向低處一樣。
519,TEXT_VOICEMAN_05000_004630_MYSTERYVOICE,這樣，原初世界就會受到影響。
520,TEXT_VOICEMAN_05000_004640_MYSTERYVOICE,比如火屬性流入就會導致大火災或大旱，<hex:02100103>而冰屬性流入則會造成強烈的寒流。
521,TEXT_VOICEMAN_05000_004650_MYSTERYVOICE,這些異常還會發生得越來越頻繁，<hex:02100103>在某種契機的作用下甚至會變成大規模的災害……<hex:02100103>而世界之間的隔壁上發生裂痕就是這種契機。
522,TEXT_VOICEMAN_05000_004660_MYSTERYVOICE,屬性之力會奔湧向原初世界，<hex:02100103>這股強烈的力量亦會將兩個世界合併成一個世界。
523,TEXT_VOICEMAN_05000_004670_MYSTERYVOICE,同時鏡像世界中那極端的屬性之力會助長災害的規模。
524,TEXT_VOICEMAN_05000_004680_MYSTERYVOICE,地震加上土屬性之力將會粉碎地殼，<hex:02100103>海嘯加上水屬性之力甚至能吞沒大陸。
525,TEXT_VOICEMAN_05000_004690_MYSTERYVOICE,這種大規模的災害就是“靈災”了。
526,TEXT_VOICEMAN_05000_004700_MYSTERYVOICE,至今為止，一共發生過7次靈災，<hex:02100103>也就是說，已經有7個鏡像世界被合併……
527,TEXT_VOICEMAN_05000_004710_MYSTERYVOICE,現在第一世界的屬性之力極端偏向光，<hex:02100103>非常有可能已經滿足了合併的條件。
528,TEXT_VOICEMAN_05000_004720_MYSTERYVOICE,現在說說食罪靈，他們也是屬性偏向光的原因之一。
529,TEXT_VOICEMAN_05000_004730_MYSTERYVOICE,我們剛才提到，<hex:02100103>靈光衛會在自己的地盤散播強烈的光。
530,TEXT_VOICEMAN_05000_004740_MYSTERYVOICE,這也是在光之氾濫中倖存的諾弗蘭特會被光充滿，<hex:02100103>甚至都失去了夜晚的原因。
531,TEXT_VOICEMAN_05000_004750_MYSTERYVOICE,因此，我們想把第一世界的屬性平衡正常化，<hex:02100103>防止世界合併，就必須將靈光衛全部消滅。
532,TEXT_VOICEMAN_05000_004760_ALISAIE,我們以前就聽過這個說明，<hex:02100103>於是就按照各自的想法尋找對策……
533,TEXT_VOICEMAN_05000_004770_ALPHINAUD,但是至今也沒有得到具體的成果。
534,TEXT_VOICEMAN_05000_004780_ALPHINAUD,靈光衛很少露面，我們很難找到是其一，<hex:02100103>更重要的是他們擁有某種特性，我們必須等待你的到來。
535,TEXT_VOICEMAN_05000_004790_LYNA,抱歉打擾你們談話了！<hex:02100103>水晶公大人，有緊急情況！
536,TEXT_VOICEMAN_05000_004800_LYNA,有報告說水灘村被食罪靈襲擊。<hex:02100103>據報敵人數量眾多，甚至有可能整個村子都會被消滅！
537,TEXT_VOICEMAN_05000_004810_MYSTERYVOICE,襲擊水灘村的食罪靈還有可能襲擊水晶都。<hex:02100103>命令各個大門立刻進入警戒狀態。
538,TEXT_VOICEMAN_05000_004820_MYSTERYVOICE,你去現場負責指揮。<hex:02100103>還要告訴阿爾菲諾和阿莉塞先不要冒進，<hex:02100103>等我到了再進去。
539,TEXT_VOICEMAN_05000_004830_LYNA,是！
540,TEXT_VOICEMAN_05000_004840_MYSTERYVOICE,還請你也來助我們一臂之力。<hex:02100103>在這次戰鬥中你自然會知道我沒說完的內容。
541,TEXT_VOICEMAN_05000_004850_LYNA,不好，靈光衛要釋放出光之乙太了！
542,TEXT_VOICEMAN_05000_004860_LYNA,我們可不能被這個光照射到，<hex:02100103>大人，我們還是先撤退吧！
543,TEXT_VOICEMAN_05000_004870_MYSTERYVOICE,不，我們還不需要撤退。
544,TEXT_VOICEMAN_05000_004880_MYSTERYVOICE,靈光衛在死亡時的確會釋放出大量的光之乙太，<hex:02100103>而這些光之乙太會產生新的靈光衛……<hex:02100103>就是這個原因，令人類100年來都沒能做出有效的反擊。
545,TEXT_VOICEMAN_05000_004890_MYSTERYVOICE,但是，現在我們有了唯一的對策，可以中和光之乙太。
546,TEXT_VOICEMAN_05000_004900_MYSTERYVOICE,那就是被稱為“光之加護”的力量。<hex:02100103>就是因為這個，我才會將他召喚到這裡！
547,TEXT_VOICEMAN_05000_004910_MYSTERYVOICE,那就是被稱為“光之加護”的力量。<hex:02100103>就是因為這個，我才會將她召喚到這裡！
548,TEXT_VOICEMAN_05000_004920_MYSTERYVOICE,看啊！<hex:02100103>靈光衛釋放的光將會消失，<hex:02100103>被光吞沒的世界終於要回歸原狀了！
549,TEXT_VOICEMAN_05000_004930_CRYSTARIUMMAN,看天上！
550,TEXT_VOICEMAN_05000_004940_CRYSTARIUMWOMAN,這真是！
551,TEXT_VOICEMAN_05000_004950_CRYSTARIUMOLDMAN,怎麼回事？！
552,TEXT_VOICEMAN_05000_004960_CRYSTARIUMGIRL,真美……
553,TEXT_VOICEMAN_05000_004970_MOREN,天上的無光之海……
554,TEXT_VOICEMAN_05000_004980_MOREN,暗之戰士現身於世了！
555,TEXT_VOICEMAN_05000_004990_LYNA,太美麗了……這究竟是……
556,TEXT_VOICEMAN_05000_005000_ALPHINAUD,這就是真正的夜空……<hex:02100103>黑暗終於回歸了。
557,TEXT_VOICEMAN_05000_005010_LYNA,你們到底是什麼人？
558,TEXT_VOICEMAN_05000_005020_LYNA,打倒靈光衛後居然能平安無事地承受其光芒……<hex:02100103>再加上這天空……這不就是傳說中的……
559,TEXT_VOICEMAN_05000_005030_LYNA,大人？
560,TEXT_VOICEMAN_05000_005040_MYSTERYVOICE,遠方的英雄啊。<hex:02100103>我在這裡等了你很長很長時間。
561,TEXT_VOICEMAN_05000_005050_MYSTERYVOICE,你就是那擁有光之加護的英雄，<hex:02100103>將會帶領我們消滅食罪靈……
562,TEXT_VOICEMAN_05000_005060_MYSTERYVOICE,如今，你已經消滅了雷克蘭德的靈光衛，<hex:02100103>黑暗已經回歸，這片大地迎來了正常的夜晚。
563,TEXT_VOICEMAN_05000_005070_MYSTERYVOICE,下級的食罪靈應該基本都失去力量了，<hex:02100103>它們已經無法在這個找回黑暗的地方翻起風浪了。
564,TEXT_VOICEMAN_05000_005080_MYSTERYVOICE,但是，恢復正常的恐怕只有這一帶。
565,TEXT_VOICEMAN_05000_005090_MYSTERYVOICE,各地依然還有靈光衛潛伏著，<hex:02100103>在充滿光芒的天空下試圖吞噬所有生命。
566,TEXT_VOICEMAN_05000_005100_MYSTERYVOICE,我想反抗這滅亡的命運，<hex:02100103>想發出最後最強的吶喊！
567,TEXT_VOICEMAN_05000_005110_MYSTERYVOICE,雖然我是為了拯救這個世界才召喚了你，<hex:02100103>但不得不說這仍然只是我的一廂情願。
568,TEXT_VOICEMAN_05000_005120_MYSTERYVOICE,今後我會用所有力量和生命來償還這個人情。<hex:02100103>還請你能夠幫助我們！
569,TEXT_VOICEMAN_05000_005130_MYSTERYVOICE,用你的力量消滅食罪靈，<hex:02100103>為這個世界帶回黑暗！
570,TEXT_VOICEMAN_05000_Q15_000_001_NONE_VOICE,怎麼說
571,TEXT_VOICEMAN_05000_A15_000_001_NONE_VOICE,我答應你的請求，成為暗之戰士
572,TEXT_VOICEMAN_05000_A15_000_002_NONE_VOICE,看來這次的戰鬥會非常有趣！
573,TEXT_VOICEMAN_05000_A15_000_003_NONE_VOICE,既然只有這個方法，那就勉為其難了
574,TEXT_VOICEMAN_05000_005140_MYSTERYVOICE,太好了！<hex:02100103>真是太謝謝你了！
575,TEXT_VOICEMAN_05000_005150_ALISAIE,可是你為什麼要這麼拼命呢？<hex:02100103>就光是召喚我們來到這個世界，你就費盡了力氣吧。
576,TEXT_VOICEMAN_05000_005160_MYSTERYVOICE,這當然是為了生活在這裡的人們……<hex:02100103>為了讓水晶都的人們迎來和平的日子。
577,TEXT_VOICEMAN_05000_005170_ALISAIE,這個我能理解……<hex:02100103>只是，你剛招來水晶塔的時候，<hex:02100103>這裡還沒有城鎮吧？
578,TEXT_VOICEMAN_05000_005180_ALISAIE,我想知道你最開始的目的。
579,TEXT_VOICEMAN_05000_005190_MYSTERYVOICE,……我是想救一個人。
580,TEXT_VOICEMAN_05000_005200_MYSTERYVOICE,為了能讓那個人得到未來，<hex:02100103>我不在乎為此拯救一個世界。
581,TEXT_VOICEMAN_05000_005210_MYSTERYVOICE,很意外嗎？<hex:02100103>不過請恕我不能再說了。
582,TEXT_VOICEMAN_05000_005220_MYSTERYVOICE,我的年齡可比看起來老上很多，<hex:02100103>經歷過的往事也比你們想像得多出很多，<hex:02100103>並不是每件回憶都能帶來快樂。
583,TEXT_VOICEMAN_05000_005230_ALISAIE,我明白了。<hex:02100103>對不起，我不該這麼追根問底的。
584,TEXT_VOICEMAN_05000_005240_ALPHINAUD,我們自然也是要一起戰鬥的。<hex:02100103>為了在遠方等待我們的人，我們一定要打倒食罪靈！
585,TEXT_VOICEMAN_05000_005250_MYSTERYVOICE,那我們就帶上救出來的村民回城吧。
586,TEXT_VOICEMAN_05000_005260_WARRIOROFDARKNESS,這次居然輪到你們當“暗之戰士”……<hex:02100103>命運還真是諷刺啊。
587,TEXT_VOICEMAN_05000_Q16_000_001_NONE_VOICE,說什麼
588,TEXT_VOICEMAN_05000_A16_000_001_NONE_VOICE,你還真跟著我啊……
589,TEXT_VOICEMAN_05000_A16_000_002_NONE_VOICE,這是我的房間，是私人空間……
590,TEXT_VOICEMAN_05000_005270_WARRIOROFDARKNESS,我可是事先打過招呼了。<hex:02100103>在珂露西亞島、在安穆·艾蘭……<hex:02100103>還有你們打倒靈光衛我都看在眼裡。
591,TEXT_VOICEMAN_05000_005280_WARRIOROFDARKNESS,沒錯啊？<hex:02100103>這樣我們說話不是很方便嗎？
592,TEXT_VOICEMAN_05000_005290_WARRIOROFDARKNESS,別人好像是看不見我的。<hex:02100103>要是有別人在，我們就不好對話了，<hex:02100103>要不然你會被人懷疑腦子有問題。
593,TEXT_VOICEMAN_05000_005300_WARRIOROFDARKNESS,那對白頭髮的雙胞胎……<hex:02100103>以前我們在原初世界交手時也見過。
594,TEXT_VOICEMAN_05000_005310_WARRIOROFDARKNESS,你和他們是什麼時候開始在一起的？
595,TEXT_VOICEMAN_05000_005320_WARRIOROFDARKNESS,這樣啊……
596,TEXT_VOICEMAN_05000_005330_WARRIOROFDARKNESS,那你可要好好保護他們。<hex:02100103>如果你只想著拯救別人而自己魯莽前進，<hex:02100103>往往會失去對自己很重要的事物。
597,TEXT_VOICEMAN_05000_005340_WARRIOROFDARKNESS,你應該已經經歷過這樣的事情了吧？<hex:02100103>這次你打算拯救誰、失去誰呢？
598,TEXT_VOICEMAN_05000_005350_WARRIOROFDARKNESS,我又是從什麼時候開始，連嘆息都不會了呢……
599,TEXT_VOICEMAN_05000_005360_WARRIOROFDARKNESS,我在徘徊的時候就已經厭倦了。<hex:02100103>我厭倦失去夥伴……<hex:02100103>更不能忍受他們最後的願望都被人們誤解成邪惡。
600,TEXT_VOICEMAN_05000_005370_RYNE,(-白衣少女-)這就是真正的夜空……
601,TEXT_VOICEMAN_05000_005380_RYNE,(-白衣少女-)只要見到<hex:02080DE905FF04>她<hex:FF04>他<hex:03>……就一定可以……
602,TEXT_VOICEMAN_05000_005390_SYSTEM_NONE_VOICE,原初世界 帝國屬州的魔導工廠——
603,TEXT_VOICEMAN_05000_005400_GARLEANGENERAL,(-帝國軍千夫長-)緊急情況！<hex:02100103>快去找到入侵者！
604,TEXT_VOICEMAN_05000_005410_ESTINIEN,哼，滾開！
605,TEXT_VOICEMAN_05000_005420_SHADOWHUNTER,(-？？？？-)不要衝動。<hex:02100103>那個人是我的同志……並不是帝國的士兵。
606,TEXT_VOICEMAN_05000_005430_SHADOWHUNTER,剛才我就在奇怪潛入怎麼會被發覺，<hex:02100103>沒想到是另有其人……
607,TEXT_VOICEMAN_05000_005440_SHADOWHUNTER,看你的鎧甲和槍術……<hex:02100103>你就是艾斯蒂尼安吧，<hex:02100103>前一陣子從戰場中救下那位英雄的龍騎士。
608,TEXT_VOICEMAN_05000_005450_ESTINIEN,呵，你們的消息倒是很靈通……<hex:02100103>不愧是當過軍團長的人，人脈廣泛啊。
609,TEXT_VOICEMAN_05000_005460_ESTINIEN,我說的沒錯吧，蓋烏斯·巴艾薩？<hex:02100103>或者我該叫你“暗影獵人”？
610,TEXT_VOICEMAN_05000_005470_SHADOWHUNTER,哦？<hex:02100103>你居然知道我，看來你果然和拂曉有關係。
611,TEXT_VOICEMAN_05000_005480_ESTINIEN,雖然並不是我主動找的他們……<hex:02100103>他們發現了我的行蹤，然後硬給我安排了這個任務而已。
612,TEXT_VOICEMAN_05000_005490_ESTINIEN,那個接待員是不是做過間諜啊？<hex:02100103>還有那個叫可露兒的女人，就只是見過我一兩次，<hex:02100103>居然就能追蹤我的乙太……
613,TEXT_VOICEMAN_05000_005500_SHADOWHUNTER,既然拂曉在依靠外人辦事，<hex:02100103>這說明少年他們還沒有醒過來……
614,TEXT_VOICEMAN_05000_005510_SHADOWHUNTER,那麼，英雄又在做什麼？
615,TEXT_VOICEMAN_05000_005520_ESTINIEN,我可不知道……聽說是出差了。<hex:02100103>他們就把銷毀帝國新兵器的苦工扔給我了。
616,TEXT_VOICEMAN_05000_005530_SHADOWHUNTER,如果你說的新兵器指的是“黑玫瑰”，<hex:02100103>那我們剛剛已經全解決了。
617,TEXT_VOICEMAN_05000_005540_SHADOWHUNTER,只是，這裡僅僅是諸多生產工廠之一。<hex:02100103>帝國這次行事十分小心，<hex:02100103>據說比以前增加了多個生產據點。
618,TEXT_VOICEMAN_05000_005550_SHADOWHUNTER,真是不可理喻……<hex:02100103>用這種只能帶來死亡的東西獲得勝利，<hex:02100103>那又有什麼價值！
619,TEXT_VOICEMAN_05000_005560_ESTINIEN,這個“黑玫瑰”到底有什麼效果？
620,TEXT_VOICEMAN_05000_005570_SHADOWHUNTER,黑玫瑰的症狀看起來像中毒，因此被當成了毒瓦斯，<hex:02100103>可它本質上更像是魔法。
621,TEXT_VOICEMAN_05000_005580_SHADOWHUNTER,所有的生物都擁有乙太這一生命能量。<hex:02100103>而黑玫瑰會強制終止乙太的循環。
622,TEXT_VOICEMAN_05000_005590_SHADOWHUNTER,只要吸入少量黑玫瑰，人的身體便會停止代謝。<hex:02100103>就像是中毒後無法排除累積的毒素，最終致死。
623,TEXT_VOICEMAN_05000_005600_SHADOWHUNTER,這東西如果散佈在城市裡，<hex:02100103>可以在不進行任何破壞的情況下殺死所有居民。
624,TEXT_VOICEMAN_05000_005610_GARLEANGENERAL,(-帝國軍千夫長-)還沒有找到入侵者嗎！<hex:02100103>快呼叫支援，立刻！
625,TEXT_VOICEMAN_05000_005620_ESTINIEN,看來沒時間繼續聽你說明了。
626,TEXT_VOICEMAN_05000_005630_SHADOWHUNTER,龍騎士艾斯蒂尼安……<hex:02100103>你我相遇也算是那少年帶來的緣分，<hex:02100103>我想正式地詢問你一次。
627,TEXT_VOICEMAN_05000_005640_SHADOWHUNTER,你我都是在為追尋真相而戰，<hex:02100103>要不要暫時聯手？
628,TEXT_VOICEMAN_05000_005650_ESTINIEN,哈！<hex:02100103>你要和我聯手，然後殺向自己的祖國？
629,TEXT_VOICEMAN_05000_005660_ESTINIEN,聽說你們的皇帝親口承認國家是無影建立的？
630,TEXT_VOICEMAN_05000_005670_SHADOWHUNTER,我也聽說了……<hex:02100103>說是瓦厲斯陛下在開戰之前的會談裡提及的。
631,TEXT_VOICEMAN_05000_005680_SHADOWHUNTER,正因為如此，我才一定要前往帝都。
632,TEXT_VOICEMAN_05000_005690_SHADOWHUNTER,只有在那裡我才能得知所有真相！
